f_sequence,r_sequence,f_gene,r_gene,f_author_gene_list,r_author_gene_list,f_evalue,r_evalue,f_Occurrence_Count,r_Occurrence_Count,f_pmcid_list,r_pmcid_list,f_Tm_C,r_Tm_C,f_GC_pct,r_GC_pct,f_total_citations,r_total_citations,f_pmcid_count,r_pmcid_count,f_match_start,r_match_start,f_match_end,r_match_end,f_orientation,r_orientation,f_self_comp,r_self_comp,pair_comp,f_reg_pmcid_list,f_inv_pmcid_list,r_reg_pmcid_list,r_inv_pmcid_list,pair_shared_pmcid_count,f_reg_pmcid_count,r_reg_pmcid_count,f_inv_pmcid_count,r_inv_pmcid_count,pair_shared_pmcid_list,f_cross_specificity_0,r_cross_specificity_0,f_cross_specificity_0_seq,r_cross_specificity_0_seq,f_cross_specificity_1,r_cross_specificity_1,f_cross_specificity_1_seq,r_cross_specificity_1_seq,f_cross_specificity_2,r_cross_specificity_2,f_cross_specificity_2_seq,r_cross_specificity_2_seq,f_cross_specificity_3,r_cross_specificity_3,f_cross_specificity_3_seq,r_cross_specificity_3_seq,f_cross_specificity_4,r_cross_specificity_4,f_cross_specificity_4_seq,r_cross_specificity_4_seq,evidence_score,biophysics_score,synergy_score,pickr_score
CAAGAACAGCAACGAGTACCG,GTCACTGGTCAACTCCAGCAC,CEBPA,CEBPA,"C/EBP (49), Cebpa (31), C/ebp (10), Cebp (6), CEBP (5), CEBP- (3), CEBPA (3), C/ebpa (2), Cebp- (2), Cebp/a (2), Cebpa-F (2), EBP- (2), Mouse (2), mC/EBP (2), mouse (2), C/EBP- (1), C/EBPa (1), C/Ebp (1), C/ebp-alpha (1), CCAAT (1), CCC (1), CEBPA-F (1), CEBPa (1), Cebp-a (1), Cebpa-Forward (1), Cebpa-f (1), Cebpb (1), Chrebp (1), Col1a1 (1), Collagen (1), EBP (1), EBP-a (1), FAS (1), GCA (1), GTCACTG (1), GTCACTGGTCAACTC- (1), Lcad-Rv (1), Lpl (1), M-C/ebp (1), MT-CO1 (1), Mus (1), Mus-Cebp (1), SREBP-1C (1), SREBP1 (1), WQ0901 (1), m-C/EBP (1), m-Cebpa (1), m-Cebpa-F (1), mCebp (1), mmu-Cebp (1)","C/EBP (42), Cebpa (20), C/ebp (8), Gene (8), CEBP- (4), CEBP (3), CEBPA (3), Cebpa-R (3), Mouse (3), C/EBP- (2), Col1a1 (2), The (2), Adiponectin (1), Adipoq (1), Atgl (1), C/EBPa (1), C/Ebp (1), C/ebp-alpha (1), C/ebpa (1), CCAAT (1), CEBPA-R (1), Cebp (1), Cebp- (1), Cebp-a (1), Cebpa-Reverse (1), Cebpa-r (1), Cebpb (1), EBP (1), EBP-a (1), FABP4 (1), FAS (1), Fas (1), House (1), Il1b (1), Lpl (1), Ndfvu1 (1), Rage (1), Real-time (1), Relative (1), SREBP-1C (1), SREBP1 (1), Species (1), WQ0902 (1), cEbpa (1), m-C/EBP (1), m-Cebpa (1), m-Cebpa-R (1), mC/EBP (1), mCebp (1), mouse (1)",0.001,0.28,173,180,"PMC10002255, PMC10045306, PMC10071966, PMC10152707, PMC10238510, PMC10250279, PMC10338905, PMC10584668, PMC10704432, PMC10706267, PMC10708053, PMC10743546, PMC10780770, PMC10800963, PMC10813623, PMC10818689, PMC10827583, PMC10864868, PMC10878150, PMC11022325, PMC11056635, PMC11063945, PMC11107459, PMC11184087, PMC11234208, PMC11294031, PMC11401225, PMC11402430, PMC11458772, PMC11649960, PMC11655665, PMC11733280, PMC11748973, PMC11848481, PMC11916988, PMC11930731, PMC11936742, PMC11957453, PMC11964444, PMC11986517, PMC12001421, PMC12043136, PMC12048464, PMC12056170, PMC1796876, PMC2933655, PMC2987584, PMC3179551, PMC3196114, PMC3377726, PMC3529640, PMC3623555, PMC3835255, PMC3852222, PMC3975077, PMC3979956, PMC4062480, PMC4070320, PMC4084855, PMC4415922, PMC4481462, PMC4552947, PMC4745345, PMC4808799, PMC4880908, PMC4978386, PMC5017575, PMC5217231, PMC5220372, PMC5309696, PMC5335663, PMC5335830, PMC5444017, PMC5472651, PMC5551894, PMC5600360, PMC5676986, PMC5686073, PMC5691754, PMC5708799, PMC5828314, PMC5852494, PMC5852707, PMC5872653, PMC5893555, PMC5935725, PMC5945780, PMC5964050, PMC6018498, PMC6032223, PMC6053744, PMC6054613, PMC6128224, PMC6167054, PMC6203291, PMC6224457, PMC6270775, PMC6356276, PMC6370809, PMC6528359, PMC6689118, PMC6787563, PMC6798085, PMC6826327, PMC6832161, PMC6875017, PMC6885157, PMC6885226, PMC6888823, PMC6907247, PMC6972779, PMC7072197, PMC7179127, PMC7220380, PMC7238871, PMC7378905, PMC7385159, PMC7471457, PMC7602835, PMC7737755, PMC7760913, PMC7829987, PMC7866615, PMC7889436, PMC7979882, PMC7997658, PMC8025837, PMC8115553, PMC8185223, PMC8217766, PMC8282249, PMC8527580, PMC8608845, PMC8705906, PMC8728525, PMC8781062, PMC8809606, PMC8866150, PMC8867119, PMC8929042, PMC8933454, PMC8974137, PMC9064292, PMC9104236, PMC9119859, PMC9141522, PMC9159628, PMC9204983, PMC9276046, PMC9346387, PMC9368982, PMC9388110, PMC9396928, PMC9405328, PMC9569567, PMC9586978, PMC9758429, PMC9859061, PMC9861916, PMC9891933, PMC9903543, PMC9934812","PMC10002255, PMC10045306, PMC10071966, PMC10152707, PMC10238510, PMC10250279, PMC10338905, PMC10457376, PMC10544195, PMC10584668, PMC10704432, PMC10708053, PMC10743546, PMC10800963, PMC10813623, PMC10827583, PMC10878150, PMC10887656, PMC10915961, PMC10936103, PMC11022325, PMC11056635, PMC11063945, PMC11088909, PMC11184087, PMC11234208, PMC11266878, PMC11294031, PMC11332326, PMC11335296, PMC11401225, PMC11458772, PMC11655665, PMC11748973, PMC11774659, PMC11848481, PMC11916988, PMC11936742, PMC11957453, PMC11964444, PMC11986517, PMC11992250, PMC11999940, PMC12001421, PMC12020889, PMC12024758, PMC12048464, PMC12056170, PMC1796876, PMC2933655, PMC2987584, PMC3179551, PMC3196114, PMC3377726, PMC3529640, PMC3623555, PMC3735638, PMC3835255, PMC3852222, PMC3975077, PMC3979956, PMC4062480, PMC4070320, PMC4084855, PMC4210202, PMC4415922, PMC4455245, PMC4481462, PMC4552947, PMC4745345, PMC4808799, PMC4880908, PMC4978386, PMC5017575, PMC5042499, PMC5143777, PMC5217231, PMC5220372, PMC5309696, PMC5335663, PMC5444017, PMC5472651, PMC5551894, PMC5676986, PMC5686073, PMC5691754, PMC5706914, PMC5852494, PMC5852707, PMC5935725, PMC5945780, PMC5964050, PMC6018498, PMC6053744, PMC6054613, PMC6128224, PMC6167054, PMC6203291, PMC6224457, PMC6317813, PMC6356276, PMC6370809, PMC6528359, PMC6610100, PMC6689118, PMC6787563, PMC6804931, PMC6826327, PMC6832161, PMC6875017, PMC6885157, PMC6885226, PMC6907247, PMC6972779, PMC7017059, PMC7071193, PMC7113529, PMC7179127, PMC7220380, PMC7238871, PMC7378905, PMC7385159, PMC7471457, PMC7602835, PMC7722719, PMC7723938, PMC7760913, PMC7829987, PMC7866615, PMC7889436, PMC7979882, PMC7997658, PMC8025837, PMC8075002, PMC8115553, PMC8217766, PMC8282249, PMC8289825, PMC8447755, PMC8508536, PMC8527580, PMC8608845, PMC8654480, PMC8666036, PMC8705906, PMC8728525, PMC8781062, PMC8809606, PMC8820077, PMC8866150, PMC8867119, PMC8903613, PMC8929042, PMC8974137, PMC9007687, PMC9064292, PMC9119859, PMC9141522, PMC9159628, PMC9204983, PMC9276046, PMC9368982, PMC9388110, PMC9396928, PMC9564091, PMC9569567, PMC9758429, PMC9859061, PMC9891933, PMC9903543, PMC9934812",60.18,61.79,52.4,57.1,3521,3605,162,171,966.0,1069.0,986.0,1089.0,forward,reverse_complement,4,4,4,"PMC10002255,PMC10045306,PMC10071966,PMC10152707,PMC10238510,PMC10250279,PMC10338905,PMC10584668,PMC10704432,PMC10706267,PMC10708053,PMC10743546,PMC10780770,PMC10800963,PMC10813623,PMC10818689,PMC10827583,PMC10864868,PMC10878150,PMC11022325,PMC11056635,PMC11063945,PMC11107459,PMC11184087,PMC11234208,PMC11294031,PMC11401225,PMC11402430,PMC11458772,PMC11649960,PMC11655665,PMC11733280,PMC11748973,PMC11848481,PMC11916988,PMC11930731,PMC11936742,PMC11957453,PMC11964444,PMC11986517,PMC12001421,PMC12043136,PMC12048464,PMC12056170,PMC1796876,PMC2933655,PMC2987584,PMC3179551,PMC3196114,PMC3377726,PMC3529640,PMC3623555,PMC3835255,PMC3852222,PMC3975077,PMC3979956,PMC4062480,PMC4070320,PMC4084855,PMC4415922,PMC4481462,PMC4552947,PMC4745345,PMC4808799,PMC4880908,PMC4978386,PMC5017575,PMC5217231,PMC5220372,PMC5309696,PMC5335663,PMC5335830,PMC5444017,PMC5472651,PMC5551894,PMC5600360,PMC5676986,PMC5686073,PMC5691754,PMC5708799,PMC5828314,PMC5852494,PMC5852707,PMC5872653,PMC5893555,PMC5935725,PMC5945780,PMC5964050,PMC6018498,PMC6032223,PMC6053744,PMC6054613,PMC6128224,PMC6167054,PMC6203291,PMC6224457,PMC6270775,PMC6356276,PMC6370809,PMC6528359,PMC6689118,PMC6787563,PMC6798085,PMC6826327,PMC6832161,PMC6875017,PMC6885157,PMC6885226,PMC6888823,PMC6907247,PMC6972779,PMC7072197,PMC7179127,PMC7220380,PMC7238871,PMC7378905,PMC7385159,PMC7471457,PMC7602835,PMC7737755,PMC7760913,PMC7829987,PMC7866615,PMC7889436,PMC7979882,PMC7997658,PMC8025837,PMC8115553,PMC8185223,PMC8217766,PMC8282249,PMC8527580,PMC8608845,PMC8705906,PMC8728525,PMC8781062,PMC8809606,PMC8866150,PMC8867119,PMC8929042,PMC8933454,PMC8974137,PMC9064292,PMC9104236,PMC9119859,PMC9141522,PMC9159628,PMC9204983,PMC9276046,PMC9346387,PMC9368982,PMC9388110,PMC9396928,PMC9405328,PMC9569567,PMC9586978,PMC9758429,PMC9859061,PMC9861916,PMC9891933,PMC9903543,PMC9934812",,"PMC10002255,PMC10045306,PMC10071966,PMC10152707,PMC10238510,PMC10250279,PMC10338905,PMC10457376,PMC10544195,PMC10584668,PMC10704432,PMC10708053,PMC10743546,PMC10800963,PMC10813623,PMC10827583,PMC10878150,PMC10887656,PMC10915961,PMC10936103,PMC11022325,PMC11056635,PMC11063945,PMC11088909,PMC11184087,PMC11234208,PMC11266878,PMC11294031,PMC11332326,PMC11335296,PMC11401225,PMC11458772,PMC11655665,PMC11748973,PMC11774659,PMC11848481,PMC11916988,PMC11936742,PMC11957453,PMC11964444,PMC11986517,PMC11992250,PMC11999940,PMC12001421,PMC12020889,PMC12024758,PMC12048464,PMC12056170,PMC1796876,PMC2933655,PMC2987584,PMC3179551,PMC3196114,PMC3377726,PMC3529640,PMC3623555,PMC3735638,PMC3835255,PMC3852222,PMC3975077,PMC3979956,PMC4062480,PMC4070320,PMC4084855,PMC4210202,PMC4415922,PMC4455245,PMC4481462,PMC4552947,PMC4745345,PMC4808799,PMC4880908,PMC4978386,PMC5017575,PMC5042499,PMC5143777,PMC5217231,PMC5220372,PMC5309696,PMC5335663,PMC5444017,PMC5472651,PMC5551894,PMC5676986,PMC5686073,PMC5691754,PMC5706914,PMC5852494,PMC5852707,PMC5935725,PMC5945780,PMC5964050,PMC6018498,PMC6053744,PMC6054613,PMC6128224,PMC6167054,PMC6203291,PMC6224457,PMC6317813,PMC6356276,PMC6370809,PMC6528359,PMC6610100,PMC6689118,PMC6787563,PMC6804931,PMC6826327,PMC6832161,PMC6875017,PMC6885157,PMC6885226,PMC6907247,PMC6972779,PMC7017059,PMC7071193,PMC7113529,PMC7179127,PMC7220380,PMC7238871,PMC7378905,PMC7385159,PMC7471457,PMC7602835,PMC7722719,PMC7723938,PMC7760913,PMC7829987,PMC7866615,PMC7889436,PMC7979882,PMC7997658,PMC8025837,PMC8075002,PMC8115553,PMC8217766,PMC8282249,PMC8289825,PMC8447755,PMC8508536,PMC8527580,PMC8608845,PMC8654480,PMC8666036,PMC8705906,PMC8728525,PMC8781062,PMC8809606,PMC8820077,PMC8866150,PMC8867119,PMC8903613,PMC8929042,PMC8974137,PMC9007687,PMC9064292,PMC9119859,PMC9141522,PMC9159628,PMC9204983,PMC9276046,PMC9368982,PMC9388110,PMC9396928,PMC9564091,PMC9569567,PMC9758429,PMC9859061,PMC9891933,PMC9903543,PMC9934812",,133,162,171,0,0,"PMC10002255,PMC10045306,PMC10071966,PMC10152707,PMC10238510,PMC10250279,PMC10338905,PMC10584668,PMC10704432,PMC10708053,PMC10743546,PMC10800963,PMC10813623,PMC10827583,PMC10878150,PMC11022325,PMC11056635,PMC11063945,PMC11184087,PMC11234208,PMC11294031,PMC11401225,PMC11458772,PMC11655665,PMC11748973,PMC11848481,PMC11916988,PMC11936742,PMC11957453,PMC11964444,PMC11986517,PMC12001421,PMC12048464,PMC12056170,PMC1796876,PMC2933655,PMC2987584,PMC3179551,PMC3196114,PMC3377726,PMC3529640,PMC3623555,PMC3835255,PMC3852222,PMC3975077,PMC3979956,PMC4062480,PMC4070320,PMC4084855,PMC4415922,PMC4481462,PMC4552947,PMC4745345,PMC4808799,PMC4880908,PMC4978386,PMC5017575,PMC5217231,PMC5220372,PMC5309696,PMC5335663,PMC5444017,PMC5472651,PMC5551894,PMC5676986,PMC5686073,PMC5691754,PMC5852494,PMC5852707,PMC5935725,PMC5945780,PMC5964050,PMC6018498,PMC6053744,PMC6054613,PMC6128224,PMC6167054,PMC6203291,PMC6224457,PMC6356276,PMC6370809,PMC6528359,PMC6689118,PMC6787563,PMC6826327,PMC6832161,PMC6875017,PMC6885157,PMC6885226,PMC6907247,PMC6972779,PMC7179127,PMC7220380,PMC7238871,PMC7378905,PMC7385159,PMC7471457,PMC7602835,PMC7760913,PMC7829987,PMC7866615,PMC7889436,PMC7979882,PMC7997658,PMC8025837,PMC8115553,PMC8217766,PMC8282249,PMC8527580,PMC8608845,PMC8705906,PMC8728525,PMC8781062,PMC8809606,PMC8866150,PMC8867119,PMC8929042,PMC8974137,PMC9064292,PMC9119859,PMC9141522,PMC9159628,PMC9204983,PMC9276046,PMC9368982,PMC9388110,PMC9396928,PMC9569567,PMC9758429,PMC9859061,PMC9891933,PMC9903543,PMC9934812",,,,,,,,,,,,,,,,,,,,,1.0,0.848888888888889,0.4633333333333335,84.73333333333333
CAAGAACAGCAACGAGTACCG,CCTTGACCAAGGAGCTCTCA,CEBPA,CEBPA,"C/EBP (49), Cebpa (31), C/ebp (10), Cebp (6), CEBP (5), CEBP- (3), CEBPA (3), C/ebpa (2), Cebp- (2), Cebp/a (2), Cebpa-F (2), EBP- (2), Mouse (2), mC/EBP (2), mouse (2), C/EBP- (1), C/EBPa (1), C/Ebp (1), C/ebp-alpha (1), CCAAT (1), CCC (1), CEBPA-F (1), CEBPa (1), Cebp-a (1), Cebpa-Forward (1), Cebpa-f (1), Cebpb (1), Chrebp (1), Col1a1 (1), Collagen (1), EBP (1), EBP-a (1), FAS (1), GCA (1), GTCACTG (1), GTCACTGGTCAACTC- (1), Lcad-Rv (1), Lpl (1), M-C/ebp (1), MT-CO1 (1), Mus (1), Mus-Cebp (1), SREBP-1C (1), SREBP1 (1), WQ0901 (1), m-C/EBP (1), m-Cebpa (1), m-Cebpa-F (1), mCebp (1), mmu-Cebp (1)","C/EBP (5), Type (2), C/EBP- (1), Cebpa (1), PTBP1 (1), Target (1), mC/EBP (1)",0.001,0.014,173,17,"PMC10002255, PMC10045306, PMC10071966, PMC10152707, PMC10238510, PMC10250279, PMC10338905, PMC10584668, PMC10704432, PMC10706267, PMC10708053, PMC10743546, PMC10780770, PMC10800963, PMC10813623, PMC10818689, PMC10827583, PMC10864868, PMC10878150, PMC11022325, PMC11056635, PMC11063945, PMC11107459, PMC11184087, PMC11234208, PMC11294031, PMC11401225, PMC11402430, PMC11458772, PMC11649960, PMC11655665, PMC11733280, PMC11748973, PMC11848481, PMC11916988, PMC11930731, PMC11936742, PMC11957453, PMC11964444, PMC11986517, PMC12001421, PMC12043136, PMC12048464, PMC12056170, PMC1796876, PMC2933655, PMC2987584, PMC3179551, PMC3196114, PMC3377726, PMC3529640, PMC3623555, PMC3835255, PMC3852222, PMC3975077, PMC3979956, PMC4062480, PMC4070320, PMC4084855, PMC4415922, PMC4481462, PMC4552947, PMC4745345, PMC4808799, PMC4880908, PMC4978386, PMC5017575, PMC5217231, PMC5220372, PMC5309696, PMC5335663, PMC5335830, PMC5444017, PMC5472651, PMC5551894, PMC5600360, PMC5676986, PMC5686073, PMC5691754, PMC5708799, PMC5828314, PMC5852494, PMC5852707, PMC5872653, PMC5893555, PMC5935725, PMC5945780, PMC5964050, PMC6018498, PMC6032223, PMC6053744, PMC6054613, PMC6128224, PMC6167054, PMC6203291, PMC6224457, PMC6270775, PMC6356276, PMC6370809, PMC6528359, PMC6689118, PMC6787563, PMC6798085, PMC6826327, PMC6832161, PMC6875017, PMC6885157, PMC6885226, PMC6888823, PMC6907247, PMC6972779, PMC7072197, PMC7179127, PMC7220380, PMC7238871, PMC7378905, PMC7385159, PMC7471457, PMC7602835, PMC7737755, PMC7760913, PMC7829987, PMC7866615, PMC7889436, PMC7979882, PMC7997658, PMC8025837, PMC8115553, PMC8185223, PMC8217766, PMC8282249, PMC8527580, PMC8608845, PMC8705906, PMC8728525, PMC8781062, PMC8809606, PMC8866150, PMC8867119, PMC8929042, PMC8933454, PMC8974137, PMC9064292, PMC9104236, PMC9119859, PMC9141522, PMC9159628, PMC9204983, PMC9276046, PMC9346387, PMC9368982, PMC9388110, PMC9396928, PMC9405328, PMC9569567, PMC9586978, PMC9758429, PMC9859061, PMC9861916, PMC9891933, PMC9903543, PMC9934812","PMC11821779, PMC11960900, PMC3483309, PMC3832965, PMC5004166, PMC5363867, PMC5402942, PMC5627035, PMC5775309, PMC7379966, PMC8057619, PMC8538253, PMC8698410, PMC8742188, PMC8929050, PMC8931631, PMC9855157",60.18,59.68,52.4,55.0,3521,228,162,17,966.0,1167.0,986.0,1186.0,forward,reverse_complement,4,6,4,"PMC10002255,PMC10045306,PMC10071966,PMC10152707,PMC10238510,PMC10250279,PMC10338905,PMC10584668,PMC10704432,PMC10706267,PMC10708053,PMC10743546,PMC10780770,PMC10800963,PMC10813623,PMC10818689,PMC10827583,PMC10864868,PMC10878150,PMC11022325,PMC11056635,PMC11063945,PMC11107459,PMC11184087,PMC11234208,PMC11294031,PMC11401225,PMC11402430,PMC11458772,PMC11649960,PMC11655665,PMC11733280,PMC11748973,PMC11848481,PMC11916988,PMC11930731,PMC11936742,PMC11957453,PMC11964444,PMC11986517,PMC12001421,PMC12043136,PMC12048464,PMC12056170,PMC1796876,PMC2933655,PMC2987584,PMC3179551,PMC3196114,PMC3377726,PMC3529640,PMC3623555,PMC3835255,PMC3852222,PMC3975077,PMC3979956,PMC4062480,PMC4070320,PMC4084855,PMC4415922,PMC4481462,PMC4552947,PMC4745345,PMC4808799,PMC4880908,PMC4978386,PMC5017575,PMC5217231,PMC5220372,PMC5309696,PMC5335663,PMC5335830,PMC5444017,PMC5472651,PMC5551894,PMC5600360,PMC5676986,PMC5686073,PMC5691754,PMC5708799,PMC5828314,PMC5852494,PMC5852707,PMC5872653,PMC5893555,PMC5935725,PMC5945780,PMC5964050,PMC6018498,PMC6032223,PMC6053744,PMC6054613,PMC6128224,PMC6167054,PMC6203291,PMC6224457,PMC6270775,PMC6356276,PMC6370809,PMC6528359,PMC6689118,PMC6787563,PMC6798085,PMC6826327,PMC6832161,PMC6875017,PMC6885157,PMC6885226,PMC6888823,PMC6907247,PMC6972779,PMC7072197,PMC7179127,PMC7220380,PMC7238871,PMC7378905,PMC7385159,PMC7471457,PMC7602835,PMC7737755,PMC7760913,PMC7829987,PMC7866615,PMC7889436,PMC7979882,PMC7997658,PMC8025837,PMC8115553,PMC8185223,PMC8217766,PMC8282249,PMC8527580,PMC8608845,PMC8705906,PMC8728525,PMC8781062,PMC8809606,PMC8866150,PMC8867119,PMC8929042,PMC8933454,PMC8974137,PMC9064292,PMC9104236,PMC9119859,PMC9141522,PMC9159628,PMC9204983,PMC9276046,PMC9346387,PMC9368982,PMC9388110,PMC9396928,PMC9405328,PMC9569567,PMC9586978,PMC9758429,PMC9859061,PMC9861916,PMC9891933,PMC9903543,PMC9934812",,"PMC11821779,PMC11960900,PMC3483309,PMC3832965,PMC5004166,PMC5363867,PMC5402942,PMC5627035,PMC5775309,PMC7379966,PMC8057619,PMC8538253,PMC8698410,PMC8742188,PMC8929050,PMC8931631,PMC9855157",,0,162,17,0,0,,,,,,,,,,,,,,,,,,,,,,0.7276511814185862,0.9722222222222221,0.8333333333333334,82.21589240426263
CAAGAACAGCAACGAGTACCG,GCTTTATCTCGGCTCTTGCG,CEBPA,CEBPA,"C/EBP (49), Cebpa (31), C/ebp (10), Cebp (6), CEBP (5), CEBP- (3), CEBPA (3), C/ebpa (2), Cebp- (2), Cebp/a (2), Cebpa-F (2), EBP- (2), Mouse (2), mC/EBP (2), mouse (2), C/EBP- (1), C/EBPa (1), C/Ebp (1), C/ebp-alpha (1), CCAAT (1), CCC (1), CEBPA-F (1), CEBPa (1), Cebp-a (1), Cebpa-Forward (1), Cebpa-f (1), Cebpb (1), Chrebp (1), Col1a1 (1), Collagen (1), EBP (1), EBP-a (1), FAS (1), GCA (1), GTCACTG (1), GTCACTGGTCAACTC- (1), Lcad-Rv (1), Lpl (1), M-C/ebp (1), MT-CO1 (1), Mus (1), Mus-Cebp (1), SREBP-1C (1), SREBP1 (1), WQ0901 (1), m-C/EBP (1), m-Cebpa (1), m-Cebpa-F (1), mCebp (1), mmu-Cebp (1)","C/EBP (11), Cebpa (6), C/EBP- (4), Cebp (2), mouse (2), C/ebp (1), CCAAT/enhancer (1), CEBP (1), EBP (1), EBP1a (1), Mouse (1), NM_007678 (1), Runx-2 (1), Runx2 (1)",0.001,3.5,173,36,"PMC10002255, PMC10045306, PMC10071966, PMC10152707, PMC10238510, PMC10250279, PMC10338905, PMC10584668, PMC10704432, PMC10706267, PMC10708053, PMC10743546, PMC10780770, PMC10800963, PMC10813623, PMC10818689, PMC10827583, PMC10864868, PMC10878150, PMC11022325, PMC11056635, PMC11063945, PMC11107459, PMC11184087, PMC11234208, PMC11294031, PMC11401225, PMC11402430, PMC11458772, PMC11649960, PMC11655665, PMC11733280, PMC11748973, PMC11848481, PMC11916988, PMC11930731, PMC11936742, PMC11957453, PMC11964444, PMC11986517, PMC12001421, PMC12043136, PMC12048464, PMC12056170, PMC1796876, PMC2933655, PMC2987584, PMC3179551, PMC3196114, PMC3377726, PMC3529640, PMC3623555, PMC3835255, PMC3852222, PMC3975077, PMC3979956, PMC4062480, PMC4070320, PMC4084855, PMC4415922, PMC4481462, PMC4552947, PMC4745345, PMC4808799, PMC4880908, PMC4978386, PMC5017575, PMC5217231, PMC5220372, PMC5309696, PMC5335663, PMC5335830, PMC5444017, PMC5472651, PMC5551894, PMC5600360, PMC5676986, PMC5686073, PMC5691754, PMC5708799, PMC5828314, PMC5852494, PMC5852707, PMC5872653, PMC5893555, PMC5935725, PMC5945780, PMC5964050, PMC6018498, PMC6032223, PMC6053744, PMC6054613, PMC6128224, PMC6167054, PMC6203291, PMC6224457, PMC6270775, PMC6356276, PMC6370809, PMC6528359, PMC6689118, PMC6787563, PMC6798085, PMC6826327, PMC6832161, PMC6875017, PMC6885157, PMC6885226, PMC6888823, PMC6907247, PMC6972779, PMC7072197, PMC7179127, PMC7220380, PMC7238871, PMC7378905, PMC7385159, PMC7471457, PMC7602835, PMC7737755, PMC7760913, PMC7829987, PMC7866615, PMC7889436, PMC7979882, PMC7997658, PMC8025837, PMC8115553, PMC8185223, PMC8217766, PMC8282249, PMC8527580, PMC8608845, PMC8705906, PMC8728525, PMC8781062, PMC8809606, PMC8866150, PMC8867119, PMC8929042, PMC8933454, PMC8974137, PMC9064292, PMC9104236, PMC9119859, PMC9141522, PMC9159628, PMC9204983, PMC9276046, PMC9346387, PMC9368982, PMC9388110, PMC9396928, PMC9405328, PMC9569567, PMC9586978, PMC9758429, PMC9859061, PMC9861916, PMC9891933, PMC9903543, PMC9934812","PMC10253631, PMC10861344, PMC10932199, PMC11036757, PMC11722803, PMC11891402, PMC2447897, PMC2900228, PMC3505838, PMC3514219, PMC3683442, PMC4260220, PMC4451075, PMC4726074, PMC4728666, PMC5201290, PMC548146, PMC5669865, PMC5739599, PMC5924976, PMC5981620, PMC6305703, PMC6340891, PMC6562390, PMC7048378, PMC7079496, PMC7085266, PMC7146557, PMC7561405, PMC7918199, PMC8164285, PMC8228698, PMC9288680, PMC9609051, PMC9938541",60.18,60.05,52.4,55.0,3521,486,162,35,966.0,1018.0,986.0,1037.0,forward,reverse_complement,4,2,5,"PMC10002255,PMC10045306,PMC10071966,PMC10152707,PMC10238510,PMC10250279,PMC10338905,PMC10584668,PMC10704432,PMC10706267,PMC10708053,PMC10743546,PMC10780770,PMC10800963,PMC10813623,PMC10818689,PMC10827583,PMC10864868,PMC10878150,PMC11022325,PMC11056635,PMC11063945,PMC11107459,PMC11184087,PMC11234208,PMC11294031,PMC11401225,PMC11402430,PMC11458772,PMC11649960,PMC11655665,PMC11733280,PMC11748973,PMC11848481,PMC11916988,PMC11930731,PMC11936742,PMC11957453,PMC11964444,PMC11986517,PMC12001421,PMC12043136,PMC12048464,PMC12056170,PMC1796876,PMC2933655,PMC2987584,PMC3179551,PMC3196114,PMC3377726,PMC3529640,PMC3623555,PMC3835255,PMC3852222,PMC3975077,PMC3979956,PMC4062480,PMC4070320,PMC4084855,PMC4415922,PMC4481462,PMC4552947,PMC4745345,PMC4808799,PMC4880908,PMC4978386,PMC5017575,PMC5217231,PMC5220372,PMC5309696,PMC5335663,PMC5335830,PMC5444017,PMC5472651,PMC5551894,PMC5600360,PMC5676986,PMC5686073,PMC5691754,PMC5708799,PMC5828314,PMC5852494,PMC5852707,PMC5872653,PMC5893555,PMC5935725,PMC5945780,PMC5964050,PMC6018498,PMC6032223,PMC6053744,PMC6054613,PMC6128224,PMC6167054,PMC6203291,PMC6224457,PMC6270775,PMC6356276,PMC6370809,PMC6528359,PMC6689118,PMC6787563,PMC6798085,PMC6826327,PMC6832161,PMC6875017,PMC6885157,PMC6885226,PMC6888823,PMC6907247,PMC6972779,PMC7072197,PMC7179127,PMC7220380,PMC7238871,PMC7378905,PMC7385159,PMC7471457,PMC7602835,PMC7737755,PMC7760913,PMC7829987,PMC7866615,PMC7889436,PMC7979882,PMC7997658,PMC8025837,PMC8115553,PMC8185223,PMC8217766,PMC8282249,PMC8527580,PMC8608845,PMC8705906,PMC8728525,PMC8781062,PMC8809606,PMC8866150,PMC8867119,PMC8929042,PMC8933454,PMC8974137,PMC9064292,PMC9104236,PMC9119859,PMC9141522,PMC9159628,PMC9204983,PMC9276046,PMC9346387,PMC9368982,PMC9388110,PMC9396928,PMC9405328,PMC9569567,PMC9586978,PMC9758429,PMC9859061,PMC9861916,PMC9891933,PMC9903543,PMC9934812",,,"PMC10253631,PMC10861344,PMC10932199,PMC11036757,PMC11722803,PMC11891402,PMC2447897,PMC2900228,PMC3505838,PMC3514219,PMC3683442,PMC4260220,PMC4451075,PMC4726074,PMC4728666,PMC5201290,PMC548146,PMC5669865,PMC5739599,PMC5924976,PMC5981620,PMC6305703,PMC6340891,PMC6562390,PMC7048378,PMC7079496,PMC7085266,PMC7146557,PMC7561405,PMC7918199,PMC8164285,PMC8228698,PMC9288680,PMC9609051,PMC9938541",0,162,0,0,35,,,,,,,,,,,,,,,,,,,,,,0.5989552417414944,0.9872222222222224,0.9566666666666658,78.69776208707471
CAAGAACAGCAACGAGTACCG,CGGTCATTGTCACTGGTCAACT,CEBPA,CEBPA,"C/EBP (49), Cebpa (31), C/ebp (10), Cebp (6), CEBP (5), CEBP- (3), CEBPA (3), C/ebpa (2), Cebp- (2), Cebp/a (2), Cebpa-F (2), EBP- (2), Mouse (2), mC/EBP (2), mouse (2), C/EBP- (1), C/EBPa (1), C/Ebp (1), C/ebp-alpha (1), CCAAT (1), CCC (1), CEBPA-F (1), CEBPa (1), Cebp-a (1), Cebpa-Forward (1), Cebpa-f (1), Cebpb (1), Chrebp (1), Col1a1 (1), Collagen (1), EBP (1), EBP-a (1), FAS (1), GCA (1), GTCACTG (1), GTCACTGGTCAACTC- (1), Lcad-Rv (1), Lpl (1), M-C/ebp (1), MT-CO1 (1), Mus (1), Mus-Cebp (1), SREBP-1C (1), SREBP1 (1), WQ0901 (1), m-C/EBP (1), m-Cebpa (1), m-Cebpa-F (1), mCebp (1), mmu-Cebp (1)","C/EBP (8), Cebpa (5), CEBP (2), mouse (2), C/EBP- (1), C/ebp (1), EBP- (1), EBP1a (1), Peroxisome (1)",0.001,0.021,173,34,"PMC10002255, PMC10045306, PMC10071966, PMC10152707, PMC10238510, PMC10250279, PMC10338905, PMC10584668, PMC10704432, PMC10706267, PMC10708053, PMC10743546, PMC10780770, PMC10800963, PMC10813623, PMC10818689, PMC10827583, PMC10864868, PMC10878150, PMC11022325, PMC11056635, PMC11063945, PMC11107459, PMC11184087, PMC11234208, PMC11294031, PMC11401225, PMC11402430, PMC11458772, PMC11649960, PMC11655665, PMC11733280, PMC11748973, PMC11848481, PMC11916988, PMC11930731, PMC11936742, PMC11957453, PMC11964444, PMC11986517, PMC12001421, PMC12043136, PMC12048464, PMC12056170, PMC1796876, PMC2933655, PMC2987584, PMC3179551, PMC3196114, PMC3377726, PMC3529640, PMC3623555, PMC3835255, PMC3852222, PMC3975077, PMC3979956, PMC4062480, PMC4070320, PMC4084855, PMC4415922, PMC4481462, PMC4552947, PMC4745345, PMC4808799, PMC4880908, PMC4978386, PMC5017575, PMC5217231, PMC5220372, PMC5309696, PMC5335663, PMC5335830, PMC5444017, PMC5472651, PMC5551894, PMC5600360, PMC5676986, PMC5686073, PMC5691754, PMC5708799, PMC5828314, PMC5852494, PMC5852707, PMC5872653, PMC5893555, PMC5935725, PMC5945780, PMC5964050, PMC6018498, PMC6032223, PMC6053744, PMC6054613, PMC6128224, PMC6167054, PMC6203291, PMC6224457, PMC6270775, PMC6356276, PMC6370809, PMC6528359, PMC6689118, PMC6787563, PMC6798085, PMC6826327, PMC6832161, PMC6875017, PMC6885157, PMC6885226, PMC6888823, PMC6907247, PMC6972779, PMC7072197, PMC7179127, PMC7220380, PMC7238871, PMC7378905, PMC7385159, PMC7471457, PMC7602835, PMC7737755, PMC7760913, PMC7829987, PMC7866615, PMC7889436, PMC7979882, PMC7997658, PMC8025837, PMC8115553, PMC8185223, PMC8217766, PMC8282249, PMC8527580, PMC8608845, PMC8705906, PMC8728525, PMC8781062, PMC8809606, PMC8866150, PMC8867119, PMC8929042, PMC8933454, PMC8974137, PMC9064292, PMC9104236, PMC9119859, PMC9141522, PMC9159628, PMC9204983, PMC9276046, PMC9346387, PMC9368982, PMC9388110, PMC9396928, PMC9405328, PMC9569567, PMC9586978, PMC9758429, PMC9859061, PMC9861916, PMC9891933, PMC9903543, PMC9934812","PMC10455188, PMC2790509, PMC3403644, PMC3497724, PMC3500352, PMC3630208, PMC4426667, PMC4728666, PMC4749801, PMC5113998, PMC5201290, PMC5461766, PMC5691666, PMC5854628, PMC5872621, PMC5924976, PMC6017709, PMC6073532, PMC6116159, PMC6202101, PMC6213011, PMC6340891, PMC6343767, PMC7551095, PMC7773463, PMC7953623, PMC8124068, PMC8164285, PMC8458348, PMC8492875, PMC8698494, PMC8912486, PMC9029851",60.18,61.47,52.4,50.0,3521,555,162,33,966.0,1076.0,986.0,1097.0,forward,reverse_complement,4,3,4,"PMC10002255,PMC10045306,PMC10071966,PMC10152707,PMC10238510,PMC10250279,PMC10338905,PMC10584668,PMC10704432,PMC10706267,PMC10708053,PMC10743546,PMC10780770,PMC10800963,PMC10813623,PMC10818689,PMC10827583,PMC10864868,PMC10878150,PMC11022325,PMC11056635,PMC11063945,PMC11107459,PMC11184087,PMC11234208,PMC11294031,PMC11401225,PMC11402430,PMC11458772,PMC11649960,PMC11655665,PMC11733280,PMC11748973,PMC11848481,PMC11916988,PMC11930731,PMC11936742,PMC11957453,PMC11964444,PMC11986517,PMC12001421,PMC12043136,PMC12048464,PMC12056170,PMC1796876,PMC2933655,PMC2987584,PMC3179551,PMC3196114,PMC3377726,PMC3529640,PMC3623555,PMC3835255,PMC3852222,PMC3975077,PMC3979956,PMC4062480,PMC4070320,PMC4084855,PMC4415922,PMC4481462,PMC4552947,PMC4745345,PMC4808799,PMC4880908,PMC4978386,PMC5017575,PMC5217231,PMC5220372,PMC5309696,PMC5335663,PMC5335830,PMC5444017,PMC5472651,PMC5551894,PMC5600360,PMC5676986,PMC5686073,PMC5691754,PMC5708799,PMC5828314,PMC5852494,PMC5852707,PMC5872653,PMC5893555,PMC5935725,PMC5945780,PMC5964050,PMC6018498,PMC6032223,PMC6053744,PMC6054613,PMC6128224,PMC6167054,PMC6203291,PMC6224457,PMC6270775,PMC6356276,PMC6370809,PMC6528359,PMC6689118,PMC6787563,PMC6798085,PMC6826327,PMC6832161,PMC6875017,PMC6885157,PMC6885226,PMC6888823,PMC6907247,PMC6972779,PMC7072197,PMC7179127,PMC7220380,PMC7238871,PMC7378905,PMC7385159,PMC7471457,PMC7602835,PMC7737755,PMC7760913,PMC7829987,PMC7866615,PMC7889436,PMC7979882,PMC7997658,PMC8025837,PMC8115553,PMC8185223,PMC8217766,PMC8282249,PMC8527580,PMC8608845,PMC8705906,PMC8728525,PMC8781062,PMC8809606,PMC8866150,PMC8867119,PMC8929042,PMC8933454,PMC8974137,PMC9064292,PMC9104236,PMC9119859,PMC9141522,PMC9159628,PMC9204983,PMC9276046,PMC9346387,PMC9368982,PMC9388110,PMC9396928,PMC9405328,PMC9569567,PMC9586978,PMC9758429,PMC9859061,PMC9861916,PMC9891933,PMC9903543,PMC9934812",,"PMC10455188,PMC3403644,PMC3497724,PMC3630208,PMC4426667,PMC4728666,PMC5201290,PMC5461766,PMC5691666,PMC5854628,PMC5872621,PMC5924976,PMC6017709,PMC6073532,PMC6116159,PMC6202101,PMC6213011,PMC6340891,PMC6343767,PMC7551095,PMC7773463,PMC7953623,PMC8124068,PMC8164285,PMC8458348,PMC8492875,PMC8698494,PMC8912486,PMC9029851","PMC2790509,PMC3500352,PMC4749801,PMC5113998",0,162,29,0,4,,,,,,,,,,,,,,,,,,,,,,0.7808986910365401,0.9083333333333334,0.5700000000000003,77.694934551827
CAAGAACAGCAACGAGTACCG,TCACTGGTCAACTCCAGCAC,CEBPA,CEBPA,"C/EBP (49), Cebpa (31), C/ebp (10), Cebp (6), CEBP (5), CEBP- (3), CEBPA (3), C/ebpa (2), Cebp- (2), Cebp/a (2), Cebpa-F (2), EBP- (2), Mouse (2), mC/EBP (2), mouse (2), C/EBP- (1), C/EBPa (1), C/Ebp (1), C/ebp-alpha (1), CCAAT (1), CCC (1), CEBPA-F (1), CEBPa (1), Cebp-a (1), Cebpa-Forward (1), Cebpa-f (1), Cebpb (1), Chrebp (1), Col1a1 (1), Collagen (1), EBP (1), EBP-a (1), FAS (1), GCA (1), GTCACTG (1), GTCACTGGTCAACTC- (1), Lcad-Rv (1), Lpl (1), M-C/ebp (1), MT-CO1 (1), Mus (1), Mus-Cebp (1), SREBP-1C (1), SREBP1 (1), WQ0901 (1), m-C/EBP (1), m-Cebpa (1), m-Cebpa-F (1), mCebp (1), mmu-Cebp (1)","C/EBP (5), Cebpa-R (4), Cebpa (3), Adiponectin (1), C/EBPa (1), C/ebp- (1), CEBPA (1), Dio2 (1), FABP4 (1), Ho-1 (1), ID (1), R-5 (1), REAGENT (1), RUNX2 (1), mC/EBP (1)",0.001,0.87,173,32,"PMC10002255, PMC10045306, PMC10071966, PMC10152707, PMC10238510, PMC10250279, PMC10338905, PMC10584668, PMC10704432, PMC10706267, PMC10708053, PMC10743546, PMC10780770, PMC10800963, PMC10813623, PMC10818689, PMC10827583, PMC10864868, PMC10878150, PMC11022325, PMC11056635, PMC11063945, PMC11107459, PMC11184087, PMC11234208, PMC11294031, PMC11401225, PMC11402430, PMC11458772, PMC11649960, PMC11655665, PMC11733280, PMC11748973, PMC11848481, PMC11916988, PMC11930731, PMC11936742, PMC11957453, PMC11964444, PMC11986517, PMC12001421, PMC12043136, PMC12048464, PMC12056170, PMC1796876, PMC2933655, PMC2987584, PMC3179551, PMC3196114, PMC3377726, PMC3529640, PMC3623555, PMC3835255, PMC3852222, PMC3975077, PMC3979956, PMC4062480, PMC4070320, PMC4084855, PMC4415922, PMC4481462, PMC4552947, PMC4745345, PMC4808799, PMC4880908, PMC4978386, PMC5017575, PMC5217231, PMC5220372, PMC5309696, PMC5335663, PMC5335830, PMC5444017, PMC5472651, PMC5551894, PMC5600360, PMC5676986, PMC5686073, PMC5691754, PMC5708799, PMC5828314, PMC5852494, PMC5852707, PMC5872653, PMC5893555, PMC5935725, PMC5945780, PMC5964050, PMC6018498, PMC6032223, PMC6053744, PMC6054613, PMC6128224, PMC6167054, PMC6203291, PMC6224457, PMC6270775, PMC6356276, PMC6370809, PMC6528359, PMC6689118, PMC6787563, PMC6798085, PMC6826327, PMC6832161, PMC6875017, PMC6885157, PMC6885226, PMC6888823, PMC6907247, PMC6972779, PMC7072197, PMC7179127, PMC7220380, PMC7238871, PMC7378905, PMC7385159, PMC7471457, PMC7602835, PMC7737755, PMC7760913, PMC7829987, PMC7866615, PMC7889436, PMC7979882, PMC7997658, PMC8025837, PMC8115553, PMC8185223, PMC8217766, PMC8282249, PMC8527580, PMC8608845, PMC8705906, PMC8728525, PMC8781062, PMC8809606, PMC8866150, PMC8867119, PMC8929042, PMC8933454, PMC8974137, PMC9064292, PMC9104236, PMC9119859, PMC9141522, PMC9159628, PMC9204983, PMC9276046, PMC9346387, PMC9368982, PMC9388110, PMC9396928, PMC9405328, PMC9569567, PMC9586978, PMC9758429, PMC9859061, PMC9861916, PMC9891933, PMC9903543, PMC9934812","PMC10217980, PMC10542616, PMC10803945, PMC10816114, PMC10950319, PMC10968156, PMC10974239, PMC11222839, PMC11292260, PMC11533084, PMC11595554, PMC11748614, PMC11803209, PMC4418761, PMC4777376, PMC5752497, PMC5823915, PMC5932452, PMC6401824, PMC6404308, PMC6532930, PMC6764825, PMC6999844, PMC7721580, PMC7746190, PMC8071752, PMC8536733, PMC9219514, PMC9277600, PMC9297103, PMC9854541, PMC9941494",60.18,60.55,52.4,55.0,3521,217,162,32,966.0,1069.0,986.0,1088.0,forward,reverse_complement,4,4,4,"PMC10002255,PMC10045306,PMC10071966,PMC10152707,PMC10238510,PMC10250279,PMC10338905,PMC10584668,PMC10704432,PMC10706267,PMC10708053,PMC10743546,PMC10780770,PMC10800963,PMC10813623,PMC10818689,PMC10827583,PMC10864868,PMC10878150,PMC11022325,PMC11056635,PMC11063945,PMC11107459,PMC11184087,PMC11234208,PMC11294031,PMC11401225,PMC11402430,PMC11458772,PMC11649960,PMC11655665,PMC11733280,PMC11748973,PMC11848481,PMC11916988,PMC11930731,PMC11936742,PMC11957453,PMC11964444,PMC11986517,PMC12001421,PMC12043136,PMC12048464,PMC12056170,PMC1796876,PMC2933655,PMC2987584,PMC3179551,PMC3196114,PMC3377726,PMC3529640,PMC3623555,PMC3835255,PMC3852222,PMC3975077,PMC3979956,PMC4062480,PMC4070320,PMC4084855,PMC4415922,PMC4481462,PMC4552947,PMC4745345,PMC4808799,PMC4880908,PMC4978386,PMC5017575,PMC5217231,PMC5220372,PMC5309696,PMC5335663,PMC5335830,PMC5444017,PMC5472651,PMC5551894,PMC5600360,PMC5676986,PMC5686073,PMC5691754,PMC5708799,PMC5828314,PMC5852494,PMC5852707,PMC5872653,PMC5893555,PMC5935725,PMC5945780,PMC5964050,PMC6018498,PMC6032223,PMC6053744,PMC6054613,PMC6128224,PMC6167054,PMC6203291,PMC6224457,PMC6270775,PMC6356276,PMC6370809,PMC6528359,PMC6689118,PMC6787563,PMC6798085,PMC6826327,PMC6832161,PMC6875017,PMC6885157,PMC6885226,PMC6888823,PMC6907247,PMC6972779,PMC7072197,PMC7179127,PMC7220380,PMC7238871,PMC7378905,PMC7385159,PMC7471457,PMC7602835,PMC7737755,PMC7760913,PMC7829987,PMC7866615,PMC7889436,PMC7979882,PMC7997658,PMC8025837,PMC8115553,PMC8185223,PMC8217766,PMC8282249,PMC8527580,PMC8608845,PMC8705906,PMC8728525,PMC8781062,PMC8809606,PMC8866150,PMC8867119,PMC8929042,PMC8933454,PMC8974137,PMC9064292,PMC9104236,PMC9119859,PMC9141522,PMC9159628,PMC9204983,PMC9276046,PMC9346387,PMC9368982,PMC9388110,PMC9396928,PMC9405328,PMC9569567,PMC9586978,PMC9758429,PMC9859061,PMC9861916,PMC9891933,PMC9903543,PMC9934812",,"PMC10217980,PMC10542616,PMC10803945,PMC10816114,PMC10950319,PMC10968156,PMC10974239,PMC11222839,PMC11292260,PMC11533084,PMC11595554,PMC11748614,PMC11803209,PMC4418761,PMC4777376,PMC5752497,PMC5823915,PMC5932452,PMC6401824,PMC6404308,PMC6532930,PMC6764825,PMC6999844,PMC7721580,PMC7746190,PMC8071752,PMC8536733,PMC9219514,PMC9277600,PMC9297103,PMC9854541,PMC9941494",,0,162,32,0,0,,,,,,,,,,,,,,,,,,,,,,0.7848610882033571,0.9594444444444445,0.8766666666666675,85.55972107683453
CAAGAACAGCAACGAGTACCG,GCGGTCATTGTCACTGGTC,CEBPA,CEBPA,"C/EBP (49), Cebpa (31), C/ebp (10), Cebp (6), CEBP (5), CEBP- (3), CEBPA (3), C/ebpa (2), Cebp- (2), Cebp/a (2), Cebpa-F (2), EBP- (2), Mouse (2), mC/EBP (2), mouse (2), C/EBP- (1), C/EBPa (1), C/Ebp (1), C/ebp-alpha (1), CCAAT (1), CCC (1), CEBPA-F (1), CEBPa (1), Cebp-a (1), Cebpa-Forward (1), Cebpa-f (1), Cebpb (1), Chrebp (1), Col1a1 (1), Collagen (1), EBP (1), EBP-a (1), FAS (1), GCA (1), GTCACTG (1), GTCACTGGTCAACTC- (1), Lcad-Rv (1), Lpl (1), M-C/ebp (1), MT-CO1 (1), Mus (1), Mus-Cebp (1), SREBP-1C (1), SREBP1 (1), WQ0901 (1), m-C/EBP (1), m-Cebpa (1), m-Cebpa-F (1), mCebp (1), mmu-Cebp (1)","Cebpa (6), C/EBP (4), Cebpb (2), C/EBPa (1), C/ebp (1), CEBP (1), Gapdh (1), Mpo-F (1), mC/EBP (1), mCebpa (1), qP-mmu-Cebpa-R (1)",0.001,0.011,173,24,"PMC10002255, PMC10045306, PMC10071966, PMC10152707, PMC10238510, PMC10250279, PMC10338905, PMC10584668, PMC10704432, PMC10706267, PMC10708053, PMC10743546, PMC10780770, PMC10800963, PMC10813623, PMC10818689, PMC10827583, PMC10864868, PMC10878150, PMC11022325, PMC11056635, PMC11063945, PMC11107459, PMC11184087, PMC11234208, PMC11294031, PMC11401225, PMC11402430, PMC11458772, PMC11649960, PMC11655665, PMC11733280, PMC11748973, PMC11848481, PMC11916988, PMC11930731, PMC11936742, PMC11957453, PMC11964444, PMC11986517, PMC12001421, PMC12043136, PMC12048464, PMC12056170, PMC1796876, PMC2933655, PMC2987584, PMC3179551, PMC3196114, PMC3377726, PMC3529640, PMC3623555, PMC3835255, PMC3852222, PMC3975077, PMC3979956, PMC4062480, PMC4070320, PMC4084855, PMC4415922, PMC4481462, PMC4552947, PMC4745345, PMC4808799, PMC4880908, PMC4978386, PMC5017575, PMC5217231, PMC5220372, PMC5309696, PMC5335663, PMC5335830, PMC5444017, PMC5472651, PMC5551894, PMC5600360, PMC5676986, PMC5686073, PMC5691754, PMC5708799, PMC5828314, PMC5852494, PMC5852707, PMC5872653, PMC5893555, PMC5935725, PMC5945780, PMC5964050, PMC6018498, PMC6032223, PMC6053744, PMC6054613, PMC6128224, PMC6167054, PMC6203291, PMC6224457, PMC6270775, PMC6356276, PMC6370809, PMC6528359, PMC6689118, PMC6787563, PMC6798085, PMC6826327, PMC6832161, PMC6875017, PMC6885157, PMC6885226, PMC6888823, PMC6907247, PMC6972779, PMC7072197, PMC7179127, PMC7220380, PMC7238871, PMC7378905, PMC7385159, PMC7471457, PMC7602835, PMC7737755, PMC7760913, PMC7829987, PMC7866615, PMC7889436, PMC7979882, PMC7997658, PMC8025837, PMC8115553, PMC8185223, PMC8217766, PMC8282249, PMC8527580, PMC8608845, PMC8705906, PMC8728525, PMC8781062, PMC8809606, PMC8866150, PMC8867119, PMC8929042, PMC8933454, PMC8974137, PMC9064292, PMC9104236, PMC9119859, PMC9141522, PMC9159628, PMC9204983, PMC9276046, PMC9346387, PMC9368982, PMC9388110, PMC9396928, PMC9405328, PMC9569567, PMC9586978, PMC9758429, PMC9859061, PMC9861916, PMC9891933, PMC9903543, PMC9934812","PMC10816192, PMC11079528, PMC11237897, PMC11533084, PMC11538663, PMC12054994, PMC3552813, PMC3655946, PMC3656108, PMC3911986, PMC4821645, PMC5059750, PMC5394236, PMC5640231, PMC5821036, PMC5821952, PMC5872749, PMC5943410, PMC6049513, PMC7757854, PMC7851876, PMC8505974, PMC9598147",60.18,59.47,52.4,57.9,3521,294,162,23,966.0,1080.0,986.0,1098.0,forward,reverse_complement,4,2,4,"PMC10002255,PMC10045306,PMC10071966,PMC10152707,PMC10238510,PMC10250279,PMC10338905,PMC10584668,PMC10704432,PMC10706267,PMC10708053,PMC10743546,PMC10780770,PMC10800963,PMC10813623,PMC10818689,PMC10827583,PMC10864868,PMC10878150,PMC11022325,PMC11056635,PMC11063945,PMC11107459,PMC11184087,PMC11234208,PMC11294031,PMC11401225,PMC11402430,PMC11458772,PMC11649960,PMC11655665,PMC11733280,PMC11748973,PMC11848481,PMC11916988,PMC11930731,PMC11936742,PMC11957453,PMC11964444,PMC11986517,PMC12001421,PMC12043136,PMC12048464,PMC12056170,PMC1796876,PMC2933655,PMC2987584,PMC3179551,PMC3196114,PMC3377726,PMC3529640,PMC3623555,PMC3835255,PMC3852222,PMC3975077,PMC3979956,PMC4062480,PMC4070320,PMC4084855,PMC4415922,PMC4481462,PMC4552947,PMC4745345,PMC4808799,PMC4880908,PMC4978386,PMC5017575,PMC5217231,PMC5220372,PMC5309696,PMC5335663,PMC5335830,PMC5444017,PMC5472651,PMC5551894,PMC5600360,PMC5676986,PMC5686073,PMC5691754,PMC5708799,PMC5828314,PMC5852494,PMC5852707,PMC5872653,PMC5893555,PMC5935725,PMC5945780,PMC5964050,PMC6018498,PMC6032223,PMC6053744,PMC6054613,PMC6128224,PMC6167054,PMC6203291,PMC6224457,PMC6270775,PMC6356276,PMC6370809,PMC6528359,PMC6689118,PMC6787563,PMC6798085,PMC6826327,PMC6832161,PMC6875017,PMC6885157,PMC6885226,PMC6888823,PMC6907247,PMC6972779,PMC7072197,PMC7179127,PMC7220380,PMC7238871,PMC7378905,PMC7385159,PMC7471457,PMC7602835,PMC7737755,PMC7760913,PMC7829987,PMC7866615,PMC7889436,PMC7979882,PMC7997658,PMC8025837,PMC8115553,PMC8185223,PMC8217766,PMC8282249,PMC8527580,PMC8608845,PMC8705906,PMC8728525,PMC8781062,PMC8809606,PMC8866150,PMC8867119,PMC8929042,PMC8933454,PMC8974137,PMC9064292,PMC9104236,PMC9119859,PMC9141522,PMC9159628,PMC9204983,PMC9276046,PMC9346387,PMC9368982,PMC9388110,PMC9396928,PMC9405328,PMC9569567,PMC9586978,PMC9758429,PMC9859061,PMC9861916,PMC9891933,PMC9903543,PMC9934812",,"PMC10816192,PMC11079528,PMC11237897,PMC11533084,PMC11538663,PMC12054994,PMC3552813,PMC3655946,PMC3656108,PMC3911986,PMC4821645,PMC5059750,PMC5394236,PMC5640231,PMC5821036,PMC5821952,PMC5872749,PMC5943410,PMC6049513,PMC7757854,PMC7851876,PMC8505974,PMC9598147",,0,162,23,0,0,,,,,,,,,,,,,,,,,,,,,,0.7548039489199814,0.9188888888888889,0.7633333333333331,80.57353077933239
CAAGAACAGCAACGAGTACCG,TCTCCACGTTGCGTTGTTT,CEBPA,CEBPA,"C/EBP (49), Cebpa (31), C/ebp (10), Cebp (6), CEBP (5), CEBP- (3), CEBPA (3), C/ebpa (2), Cebp- (2), Cebp/a (2), Cebpa-F (2), EBP- (2), Mouse (2), mC/EBP (2), mouse (2), C/EBP- (1), C/EBPa (1), C/Ebp (1), C/ebp-alpha (1), CCAAT (1), CCC (1), CEBPA-F (1), CEBPa (1), Cebp-a (1), Cebpa-Forward (1), Cebpa-f (1), Cebpb (1), Chrebp (1), Col1a1 (1), Collagen (1), EBP (1), EBP-a (1), FAS (1), GCA (1), GTCACTG (1), GTCACTGGTCAACTC- (1), Lcad-Rv (1), Lpl (1), M-C/ebp (1), MT-CO1 (1), Mus (1), Mus-Cebp (1), SREBP-1C (1), SREBP1 (1), WQ0901 (1), m-C/EBP (1), m-Cebpa (1), m-Cebpa-F (1), mCebp (1), mmu-Cebp (1)","Cebpa (8), C/EBP (4), C/EBPa (1), C/ebp (1), CEBP (1), Gapdh (1), Ly6d-R (1), mC/EBP (1), mCebpa (1), qP-mmu-Cebpa-F (1)",0.001,40.0,173,22,"PMC10002255, PMC10045306, PMC10071966, PMC10152707, PMC10238510, PMC10250279, PMC10338905, PMC10584668, PMC10704432, PMC10706267, PMC10708053, PMC10743546, PMC10780770, PMC10800963, PMC10813623, PMC10818689, PMC10827583, PMC10864868, PMC10878150, PMC11022325, PMC11056635, PMC11063945, PMC11107459, PMC11184087, PMC11234208, PMC11294031, PMC11401225, PMC11402430, PMC11458772, PMC11649960, PMC11655665, PMC11733280, PMC11748973, PMC11848481, PMC11916988, PMC11930731, PMC11936742, PMC11957453, PMC11964444, PMC11986517, PMC12001421, PMC12043136, PMC12048464, PMC12056170, PMC1796876, PMC2933655, PMC2987584, PMC3179551, PMC3196114, PMC3377726, PMC3529640, PMC3623555, PMC3835255, PMC3852222, PMC3975077, PMC3979956, PMC4062480, PMC4070320, PMC4084855, PMC4415922, PMC4481462, PMC4552947, PMC4745345, PMC4808799, PMC4880908, PMC4978386, PMC5017575, PMC5217231, PMC5220372, PMC5309696, PMC5335663, PMC5335830, PMC5444017, PMC5472651, PMC5551894, PMC5600360, PMC5676986, PMC5686073, PMC5691754, PMC5708799, PMC5828314, PMC5852494, PMC5852707, PMC5872653, PMC5893555, PMC5935725, PMC5945780, PMC5964050, PMC6018498, PMC6032223, PMC6053744, PMC6054613, PMC6128224, PMC6167054, PMC6203291, PMC6224457, PMC6270775, PMC6356276, PMC6370809, PMC6528359, PMC6689118, PMC6787563, PMC6798085, PMC6826327, PMC6832161, PMC6875017, PMC6885157, PMC6885226, PMC6888823, PMC6907247, PMC6972779, PMC7072197, PMC7179127, PMC7220380, PMC7238871, PMC7378905, PMC7385159, PMC7471457, PMC7602835, PMC7737755, PMC7760913, PMC7829987, PMC7866615, PMC7889436, PMC7979882, PMC7997658, PMC8025837, PMC8115553, PMC8185223, PMC8217766, PMC8282249, PMC8527580, PMC8608845, PMC8705906, PMC8728525, PMC8781062, PMC8809606, PMC8866150, PMC8867119, PMC8929042, PMC8933454, PMC8974137, PMC9064292, PMC9104236, PMC9119859, PMC9141522, PMC9159628, PMC9204983, PMC9276046, PMC9346387, PMC9368982, PMC9388110, PMC9396928, PMC9405328, PMC9569567, PMC9586978, PMC9758429, PMC9859061, PMC9861916, PMC9891933, PMC9903543, PMC9934812","PMC10816192, PMC11079528, PMC11237897, PMC11533084, PMC11538663, PMC3655946, PMC3656108, PMC3911986, PMC4821645, PMC5059750, PMC5394236, PMC5640231, PMC5821036, PMC5821952, PMC5872749, PMC6049513, PMC7757854, PMC7851876, PMC8257693, PMC8505974, PMC9598147",60.18,58.87,52.4,47.4,3521,229,162,21,966.0,1039.0,986.0,1057.0,forward,reverse_complement,4,4,6,"PMC10002255,PMC10045306,PMC10071966,PMC10152707,PMC10238510,PMC10250279,PMC10338905,PMC10584668,PMC10704432,PMC10706267,PMC10708053,PMC10743546,PMC10780770,PMC10800963,PMC10813623,PMC10818689,PMC10827583,PMC10864868,PMC10878150,PMC11022325,PMC11056635,PMC11063945,PMC11107459,PMC11184087,PMC11234208,PMC11294031,PMC11401225,PMC11402430,PMC11458772,PMC11649960,PMC11655665,PMC11733280,PMC11748973,PMC11848481,PMC11916988,PMC11930731,PMC11936742,PMC11957453,PMC11964444,PMC11986517,PMC12001421,PMC12043136,PMC12048464,PMC12056170,PMC1796876,PMC2933655,PMC2987584,PMC3179551,PMC3196114,PMC3377726,PMC3529640,PMC3623555,PMC3835255,PMC3852222,PMC3975077,PMC3979956,PMC4062480,PMC4070320,PMC4084855,PMC4415922,PMC4481462,PMC4552947,PMC4745345,PMC4808799,PMC4880908,PMC4978386,PMC5017575,PMC5217231,PMC5220372,PMC5309696,PMC5335663,PMC5335830,PMC5444017,PMC5472651,PMC5551894,PMC5600360,PMC5676986,PMC5686073,PMC5691754,PMC5708799,PMC5828314,PMC5852494,PMC5852707,PMC5872653,PMC5893555,PMC5935725,PMC5945780,PMC5964050,PMC6018498,PMC6032223,PMC6053744,PMC6054613,PMC6128224,PMC6167054,PMC6203291,PMC6224457,PMC6270775,PMC6356276,PMC6370809,PMC6528359,PMC6689118,PMC6787563,PMC6798085,PMC6826327,PMC6832161,PMC6875017,PMC6885157,PMC6885226,PMC6888823,PMC6907247,PMC6972779,PMC7072197,PMC7179127,PMC7220380,PMC7238871,PMC7378905,PMC7385159,PMC7471457,PMC7602835,PMC7737755,PMC7760913,PMC7829987,PMC7866615,PMC7889436,PMC7979882,PMC7997658,PMC8025837,PMC8115553,PMC8185223,PMC8217766,PMC8282249,PMC8527580,PMC8608845,PMC8705906,PMC8728525,PMC8781062,PMC8809606,PMC8866150,PMC8867119,PMC8929042,PMC8933454,PMC8974137,PMC9064292,PMC9104236,PMC9119859,PMC9141522,PMC9159628,PMC9204983,PMC9276046,PMC9346387,PMC9368982,PMC9388110,PMC9396928,PMC9405328,PMC9569567,PMC9586978,PMC9758429,PMC9859061,PMC9861916,PMC9891933,PMC9903543,PMC9934812",,,"PMC10816192,PMC11079528,PMC11237897,PMC11533084,PMC11538663,PMC3655946,PMC3656108,PMC3911986,PMC4821645,PMC5059750,PMC5394236,PMC5640231,PMC5821036,PMC5821952,PMC5872749,PMC6049513,PMC7757854,PMC7851876,PMC8257693,PMC8505974,PMC9598147",0,162,0,0,21,,,,,,,,,,,,,,,,,,,,,,0.0,0.0,0.0,0.0
CGCAAGAGCCGAGATAAAGC,GTCACTGGTCAACTCCAGCAC,CEBPA,CEBPA,"C/EBP (11), Cebpa (6), C/EBP- (4), Cebp (2), mouse (2), C/ebp (1), CCAAT/enhancer (1), CEBP (1), EBP (1), EBP1a (1), Mouse (1), NM_007678 (1), Runx-2 (1), Runx2 (1)","C/EBP (42), Cebpa (20), C/ebp (8), Gene (8), CEBP- (4), CEBP (3), CEBPA (3), Cebpa-R (3), Mouse (3), C/EBP- (2), Col1a1 (2), The (2), Adiponectin (1), Adipoq (1), Atgl (1), C/EBPa (1), C/Ebp (1), C/ebp-alpha (1), C/ebpa (1), CCAAT (1), CEBPA-R (1), Cebp (1), Cebp- (1), Cebp-a (1), Cebpa-Reverse (1), Cebpa-r (1), Cebpb (1), EBP (1), EBP-a (1), FABP4 (1), FAS (1), Fas (1), House (1), Il1b (1), Lpl (1), Ndfvu1 (1), Rage (1), Real-time (1), Relative (1), SREBP-1C (1), SREBP1 (1), Species (1), WQ0902 (1), cEbpa (1), m-C/EBP (1), m-Cebpa (1), m-Cebpa-R (1), mC/EBP (1), mCebp (1), mouse (1)",3.5,0.28,36,180,"PMC10253631, PMC10861344, PMC10932199, PMC11036757, PMC11722803, PMC11891402, PMC2447897, PMC2900228, PMC3505838, PMC3514219, PMC3683442, PMC4260220, PMC4451075, PMC4726074, PMC4728666, PMC5201290, PMC548146, PMC5669865, PMC5739599, PMC5924976, PMC5981620, PMC6305703, PMC6340891, PMC6562390, PMC7048378, PMC7079496, PMC7085266, PMC7146557, PMC7561405, PMC7918199, PMC8164285, PMC8228698, PMC9288680, PMC9609051, PMC9938541","PMC10002255, PMC10045306, PMC10071966, PMC10152707, PMC10238510, PMC10250279, PMC10338905, PMC10457376, PMC10544195, PMC10584668, PMC10704432, PMC10708053, PMC10743546, PMC10800963, PMC10813623, PMC10827583, PMC10878150, PMC10887656, PMC10915961, PMC10936103, PMC11022325, PMC11056635, PMC11063945, PMC11088909, PMC11184087, PMC11234208, PMC11266878, PMC11294031, PMC11332326, PMC11335296, PMC11401225, PMC11458772, PMC11655665, PMC11748973, PMC11774659, PMC11848481, PMC11916988, PMC11936742, PMC11957453, PMC11964444, PMC11986517, PMC11992250, PMC11999940, PMC12001421, PMC12020889, PMC12024758, PMC12048464, PMC12056170, PMC1796876, PMC2933655, PMC2987584, PMC3179551, PMC3196114, PMC3377726, PMC3529640, PMC3623555, PMC3735638, PMC3835255, PMC3852222, PMC3975077, PMC3979956, PMC4062480, PMC4070320, PMC4084855, PMC4210202, PMC4415922, PMC4455245, PMC4481462, PMC4552947, PMC4745345, PMC4808799, PMC4880908, PMC4978386, PMC5017575, PMC5042499, PMC5143777, PMC5217231, PMC5220372, PMC5309696, PMC5335663, PMC5444017, PMC5472651, PMC5551894, PMC5676986, PMC5686073, PMC5691754, PMC5706914, PMC5852494, PMC5852707, PMC5935725, PMC5945780, PMC5964050, PMC6018498, PMC6053744, PMC6054613, PMC6128224, PMC6167054, PMC6203291, PMC6224457, PMC6317813, PMC6356276, PMC6370809, PMC6528359, PMC6610100, PMC6689118, PMC6787563, PMC6804931, PMC6826327, PMC6832161, PMC6875017, PMC6885157, PMC6885226, PMC6907247, PMC6972779, PMC7017059, PMC7071193, PMC7113529, PMC7179127, PMC7220380, PMC7238871, PMC7378905, PMC7385159, PMC7471457, PMC7602835, PMC7722719, PMC7723938, PMC7760913, PMC7829987, PMC7866615, PMC7889436, PMC7979882, PMC7997658, PMC8025837, PMC8075002, PMC8115553, PMC8217766, PMC8282249, PMC8289825, PMC8447755, PMC8508536, PMC8527580, PMC8608845, PMC8654480, PMC8666036, PMC8705906, PMC8728525, PMC8781062, PMC8809606, PMC8820077, PMC8866150, PMC8867119, PMC8903613, PMC8929042, PMC8974137, PMC9007687, PMC9064292, PMC9119859, PMC9141522, PMC9159628, PMC9204983, PMC9276046, PMC9368982, PMC9388110, PMC9396928, PMC9564091, PMC9569567, PMC9758429, PMC9859061, PMC9891933, PMC9903543, PMC9934812",60.05,61.79,55.0,57.1,486,3605,35,171,1018.0,1069.0,1037.0,1089.0,forward,reverse_complement,2,4,3,"PMC10253631,PMC10861344,PMC10932199,PMC11036757,PMC11722803,PMC11891402,PMC2447897,PMC2900228,PMC3505838,PMC3514219,PMC3683442,PMC4260220,PMC4451075,PMC4726074,PMC4728666,PMC5201290,PMC548146,PMC5669865,PMC5739599,PMC5924976,PMC5981620,PMC6305703,PMC6340891,PMC6562390,PMC7048378,PMC7079496,PMC7085266,PMC7146557,PMC7561405,PMC7918199,PMC8164285,PMC8228698,PMC9288680,PMC9609051,PMC9938541",,"PMC10002255,PMC10045306,PMC10071966,PMC10152707,PMC10238510,PMC10250279,PMC10338905,PMC10457376,PMC10544195,PMC10584668,PMC10704432,PMC10708053,PMC10743546,PMC10800963,PMC10813623,PMC10827583,PMC10878150,PMC10887656,PMC10915961,PMC10936103,PMC11022325,PMC11056635,PMC11063945,PMC11088909,PMC11184087,PMC11234208,PMC11266878,PMC11294031,PMC11332326,PMC11335296,PMC11401225,PMC11458772,PMC11655665,PMC11748973,PMC11774659,PMC11848481,PMC11916988,PMC11936742,PMC11957453,PMC11964444,PMC11986517,PMC11992250,PMC11999940,PMC12001421,PMC12020889,PMC12024758,PMC12048464,PMC12056170,PMC1796876,PMC2933655,PMC2987584,PMC3179551,PMC3196114,PMC3377726,PMC3529640,PMC3623555,PMC3735638,PMC3835255,PMC3852222,PMC3975077,PMC3979956,PMC4062480,PMC4070320,PMC4084855,PMC4210202,PMC4415922,PMC4455245,PMC4481462,PMC4552947,PMC4745345,PMC4808799,PMC4880908,PMC4978386,PMC5017575,PMC5042499,PMC5143777,PMC5217231,PMC5220372,PMC5309696,PMC5335663,PMC5444017,PMC5472651,PMC5551894,PMC5676986,PMC5686073,PMC5691754,PMC5706914,PMC5852494,PMC5852707,PMC5935725,PMC5945780,PMC5964050,PMC6018498,PMC6053744,PMC6054613,PMC6128224,PMC6167054,PMC6203291,PMC6224457,PMC6317813,PMC6356276,PMC6370809,PMC6528359,PMC6610100,PMC6689118,PMC6787563,PMC6804931,PMC6826327,PMC6832161,PMC6875017,PMC6885157,PMC6885226,PMC6907247,PMC6972779,PMC7017059,PMC7071193,PMC7113529,PMC7179127,PMC7220380,PMC7238871,PMC7378905,PMC7385159,PMC7471457,PMC7602835,PMC7722719,PMC7723938,PMC7760913,PMC7829987,PMC7866615,PMC7889436,PMC7979882,PMC7997658,PMC8025837,PMC8075002,PMC8115553,PMC8217766,PMC8282249,PMC8289825,PMC8447755,PMC8508536,PMC8527580,PMC8608845,PMC8654480,PMC8666036,PMC8705906,PMC8728525,PMC8781062,PMC8809606,PMC8820077,PMC8866150,PMC8867119,PMC8903613,PMC8929042,PMC8974137,PMC9007687,PMC9064292,PMC9119859,PMC9141522,PMC9159628,PMC9204983,PMC9276046,PMC9368982,PMC9388110,PMC9396928,PMC9564091,PMC9569567,PMC9758429,PMC9859061,PMC9891933,PMC9903543,PMC9934812",,0,35,171,0,0,,,,,,,,,,,,,,,,,,,,,,0.7952349443099902,0.8561111111111114,0.4199999999999994,73.84508054883283
CGCAAGAGCCGAGATAAAGC,CACGGCTCAGCTGTTCCA,CEBPA,CEBPA,"C/EBP (11), Cebpa (6), C/EBP- (4), Cebp (2), mouse (2), C/ebp (1), CCAAT/enhancer (1), CEBP (1), EBP (1), EBP1a (1), Mouse (1), NM_007678 (1), Runx-2 (1), Runx2 (1)","C/EBP (5), C/EBP- (2), Cebpa (1), EBP (1), Gene (1), N3541G05 (1), PPARG-forward (1)",3.5,0.44,36,19,"PMC10253631, PMC10861344, PMC10932199, PMC11036757, PMC11722803, PMC11891402, PMC2447897, PMC2900228, PMC3505838, PMC3514219, PMC3683442, PMC4260220, PMC4451075, PMC4726074, PMC4728666, PMC5201290, PMC548146, PMC5669865, PMC5739599, PMC5924976, PMC5981620, PMC6305703, PMC6340891, PMC6562390, PMC7048378, PMC7079496, PMC7085266, PMC7146557, PMC7561405, PMC7918199, PMC8164285, PMC8228698, PMC9288680, PMC9609051, PMC9938541","PMC10019655, PMC10253631, PMC11722803, PMC11994938, PMC2649434, PMC3514219, PMC3683442, PMC4260220, PMC4280942, PMC4726074, PMC5739599, PMC6102591, PMC6305703, PMC6562390, PMC7085266, PMC7146557, PMC8228698, PMC9288680, PMC9955970",60.05,60.61,55.0,61.1,486,146,35,19,1018.0,1112.0,1037.0,1129.0,forward,reverse_complement,2,6,6,"PMC10253631,PMC10861344,PMC10932199,PMC11036757,PMC11722803,PMC11891402,PMC2447897,PMC2900228,PMC3505838,PMC3514219,PMC3683442,PMC4260220,PMC4451075,PMC4726074,PMC4728666,PMC5201290,PMC548146,PMC5669865,PMC5739599,PMC5924976,PMC5981620,PMC6305703,PMC6340891,PMC6562390,PMC7048378,PMC7079496,PMC7085266,PMC7146557,PMC7561405,PMC7918199,PMC8164285,PMC8228698,PMC9288680,PMC9609051,PMC9938541",,"PMC10019655,PMC10253631,PMC11722803,PMC11994938,PMC2649434,PMC3514219,PMC3683442,PMC4260220,PMC4280942,PMC4726074,PMC5739599,PMC6102591,PMC6305703,PMC6562390,PMC7085266,PMC7146557,PMC8228698,PMC9288680,PMC9955970",,13,35,19,0,0,"PMC10253631,PMC11722803,PMC3514219,PMC3683442,PMC4260220,PMC4726074,PMC5739599,PMC6305703,PMC6562390,PMC7085266,PMC7146557,PMC8228698,PMC9288680",,,,,,,,,,,,,,,,,,,,,0.0,0.0,0.0,0.0
CGCAAGAGCCGAGATAAAGC,CCTTGACCAAGGAGCTCTCA,CEBPA,CEBPA,"C/EBP (11), Cebpa (6), C/EBP- (4), Cebp (2), mouse (2), C/ebp (1), CCAAT/enhancer (1), CEBP (1), EBP (1), EBP1a (1), Mouse (1), NM_007678 (1), Runx-2 (1), Runx2 (1)","C/EBP (5), Type (2), C/EBP- (1), Cebpa (1), PTBP1 (1), Target (1), mC/EBP (1)",3.5,0.014,36,17,"PMC10253631, PMC10861344, PMC10932199, PMC11036757, PMC11722803, PMC11891402, PMC2447897, PMC2900228, PMC3505838, PMC3514219, PMC3683442, PMC4260220, PMC4451075, PMC4726074, PMC4728666, PMC5201290, PMC548146, PMC5669865, PMC5739599, PMC5924976, PMC5981620, PMC6305703, PMC6340891, PMC6562390, PMC7048378, PMC7079496, PMC7085266, PMC7146557, PMC7561405, PMC7918199, PMC8164285, PMC8228698, PMC9288680, PMC9609051, PMC9938541","PMC11821779, PMC11960900, PMC3483309, PMC3832965, PMC5004166, PMC5363867, PMC5402942, PMC5627035, PMC5775309, PMC7379966, PMC8057619, PMC8538253, PMC8698410, PMC8742188, PMC8929050, PMC8931631, PMC9855157",60.05,59.68,55.0,55.0,486,228,35,17,1018.0,1167.0,1037.0,1186.0,forward,reverse_complement,2,6,5,"PMC10253631,PMC10861344,PMC10932199,PMC11036757,PMC11722803,PMC11891402,PMC2447897,PMC2900228,PMC3505838,PMC3514219,PMC3683442,PMC4260220,PMC4451075,PMC4726074,PMC4728666,PMC5201290,PMC548146,PMC5669865,PMC5739599,PMC5924976,PMC5981620,PMC6305703,PMC6340891,PMC6562390,PMC7048378,PMC7079496,PMC7085266,PMC7146557,PMC7561405,PMC7918199,PMC8164285,PMC8228698,PMC9288680,PMC9609051,PMC9938541",,"PMC11821779,PMC11960900,PMC3483309,PMC3832965,PMC5004166,PMC5363867,PMC5402942,PMC5627035,PMC5775309,PMC7379966,PMC8057619,PMC8538253,PMC8698410,PMC8742188,PMC8929050,PMC8931631,PMC9855157",,0,35,17,0,0,,,,,,,,,,,,,,,,,,,,,,0.6110358125877371,0.9794444444444446,0.8766666666666675,77.46845729605354
CGCAAGAGCCGAGATAAAGC,CGGTCATTGTCACTGGTCAACT,CEBPA,CEBPA,"C/EBP (11), Cebpa (6), C/EBP- (4), Cebp (2), mouse (2), C/ebp (1), CCAAT/enhancer (1), CEBP (1), EBP (1), EBP1a (1), Mouse (1), NM_007678 (1), Runx-2 (1), Runx2 (1)","C/EBP (8), Cebpa (5), CEBP (2), mouse (2), C/EBP- (1), C/ebp (1), EBP- (1), EBP1a (1), Peroxisome (1)",3.5,0.021,36,34,"PMC10253631, PMC10861344, PMC10932199, PMC11036757, PMC11722803, PMC11891402, PMC2447897, PMC2900228, PMC3505838, PMC3514219, PMC3683442, PMC4260220, PMC4451075, PMC4726074, PMC4728666, PMC5201290, PMC548146, PMC5669865, PMC5739599, PMC5924976, PMC5981620, PMC6305703, PMC6340891, PMC6562390, PMC7048378, PMC7079496, PMC7085266, PMC7146557, PMC7561405, PMC7918199, PMC8164285, PMC8228698, PMC9288680, PMC9609051, PMC9938541","PMC10455188, PMC2790509, PMC3403644, PMC3497724, PMC3500352, PMC3630208, PMC4426667, PMC4728666, PMC4749801, PMC5113998, PMC5201290, PMC5461766, PMC5691666, PMC5854628, PMC5872621, PMC5924976, PMC6017709, PMC6073532, PMC6116159, PMC6202101, PMC6213011, PMC6340891, PMC6343767, PMC7551095, PMC7773463, PMC7953623, PMC8124068, PMC8164285, PMC8458348, PMC8492875, PMC8698494, PMC8912486, PMC9029851",60.05,61.47,55.0,50.0,486,555,35,33,1018.0,1076.0,1037.0,1097.0,forward,reverse_complement,2,3,3,"PMC10253631,PMC10861344,PMC10932199,PMC11036757,PMC11722803,PMC11891402,PMC2447897,PMC2900228,PMC3505838,PMC3514219,PMC3683442,PMC4260220,PMC4451075,PMC4726074,PMC4728666,PMC5201290,PMC548146,PMC5669865,PMC5739599,PMC5924976,PMC5981620,PMC6305703,PMC6340891,PMC6562390,PMC7048378,PMC7079496,PMC7085266,PMC7146557,PMC7561405,PMC7918199,PMC8164285,PMC8228698,PMC9288680,PMC9609051,PMC9938541",,"PMC10455188,PMC3403644,PMC3497724,PMC3630208,PMC4426667,PMC4728666,PMC5201290,PMC5461766,PMC5691666,PMC5854628,PMC5872621,PMC5924976,PMC6017709,PMC6073532,PMC6116159,PMC6202101,PMC6213011,PMC6340891,PMC6343767,PMC7551095,PMC7773463,PMC7953623,PMC8124068,PMC8164285,PMC8458348,PMC8492875,PMC8698494,PMC8912486,PMC9029851","PMC2790509,PMC3500352,PMC4749801,PMC5113998",5,35,29,0,4,"PMC4728666,PMC5201290,PMC5924976,PMC6340891,PMC8164285",,,,,,,,,,,,,,,,,,,,,0.9392536075116202,0.9155555555555559,0.5266666666666662,84.96268037558102
CGCAAGAGCCGAGATAAAGC,TCACTGGTCAACTCCAGCAC,CEBPA,CEBPA,"C/EBP (11), Cebpa (6), C/EBP- (4), Cebp (2), mouse (2), C/ebp (1), CCAAT/enhancer (1), CEBP (1), EBP (1), EBP1a (1), Mouse (1), NM_007678 (1), Runx-2 (1), Runx2 (1)","C/EBP (5), Cebpa-R (4), Cebpa (3), Adiponectin (1), C/EBPa (1), C/ebp- (1), CEBPA (1), Dio2 (1), FABP4 (1), Ho-1 (1), ID (1), R-5 (1), REAGENT (1), RUNX2 (1), mC/EBP (1)",3.5,0.87,36,32,"PMC10253631, PMC10861344, PMC10932199, PMC11036757, PMC11722803, PMC11891402, PMC2447897, PMC2900228, PMC3505838, PMC3514219, PMC3683442, PMC4260220, PMC4451075, PMC4726074, PMC4728666, PMC5201290, PMC548146, PMC5669865, PMC5739599, PMC5924976, PMC5981620, PMC6305703, PMC6340891, PMC6562390, PMC7048378, PMC7079496, PMC7085266, PMC7146557, PMC7561405, PMC7918199, PMC8164285, PMC8228698, PMC9288680, PMC9609051, PMC9938541","PMC10217980, PMC10542616, PMC10803945, PMC10816114, PMC10950319, PMC10968156, PMC10974239, PMC11222839, PMC11292260, PMC11533084, PMC11595554, PMC11748614, PMC11803209, PMC4418761, PMC4777376, PMC5752497, PMC5823915, PMC5932452, PMC6401824, PMC6404308, PMC6532930, PMC6764825, PMC6999844, PMC7721580, PMC7746190, PMC8071752, PMC8536733, PMC9219514, PMC9277600, PMC9297103, PMC9854541, PMC9941494",60.05,60.55,55.0,55.0,486,217,35,32,1018.0,1069.0,1037.0,1088.0,forward,reverse_complement,2,4,3,"PMC10253631,PMC10861344,PMC10932199,PMC11036757,PMC11722803,PMC11891402,PMC2447897,PMC2900228,PMC3505838,PMC3514219,PMC3683442,PMC4260220,PMC4451075,PMC4726074,PMC4728666,PMC5201290,PMC548146,PMC5669865,PMC5739599,PMC5924976,PMC5981620,PMC6305703,PMC6340891,PMC6562390,PMC7048378,PMC7079496,PMC7085266,PMC7146557,PMC7561405,PMC7918199,PMC8164285,PMC8228698,PMC9288680,PMC9609051,PMC9938541",,"PMC10217980,PMC10542616,PMC10803945,PMC10816114,PMC10950319,PMC10968156,PMC10974239,PMC11222839,PMC11292260,PMC11533084,PMC11595554,PMC11748614,PMC11803209,PMC4418761,PMC4777376,PMC5752497,PMC5823915,PMC5932452,PMC6401824,PMC6404308,PMC6532930,PMC6764825,PMC6999844,PMC7721580,PMC7746190,PMC8071752,PMC8536733,PMC9219514,PMC9277600,PMC9297103,PMC9854541,PMC9941494",,0,35,32,0,0,,,,,,,,,,,,,,,,,,,,,,0.668245719372508,0.966666666666667,0.8333333333333334,79.07895263529208
CGCAAGAGCCGAGATAAAGC,GCGGTCATTGTCACTGGTC,CEBPA,CEBPA,"C/EBP (11), Cebpa (6), C/EBP- (4), Cebp (2), mouse (2), C/ebp (1), CCAAT/enhancer (1), CEBP (1), EBP (1), EBP1a (1), Mouse (1), NM_007678 (1), Runx-2 (1), Runx2 (1)","Cebpa (6), C/EBP (4), Cebpb (2), C/EBPa (1), C/ebp (1), CEBP (1), Gapdh (1), Mpo-F (1), mC/EBP (1), mCebpa (1), qP-mmu-Cebpa-R (1)",3.5,0.011,36,24,"PMC10253631, PMC10861344, PMC10932199, PMC11036757, PMC11722803, PMC11891402, PMC2447897, PMC2900228, PMC3505838, PMC3514219, PMC3683442, PMC4260220, PMC4451075, PMC4726074, PMC4728666, PMC5201290, PMC548146, PMC5669865, PMC5739599, PMC5924976, PMC5981620, PMC6305703, PMC6340891, PMC6562390, PMC7048378, PMC7079496, PMC7085266, PMC7146557, PMC7561405, PMC7918199, PMC8164285, PMC8228698, PMC9288680, PMC9609051, PMC9938541","PMC10816192, PMC11079528, PMC11237897, PMC11533084, PMC11538663, PMC12054994, PMC3552813, PMC3655946, PMC3656108, PMC3911986, PMC4821645, PMC5059750, PMC5394236, PMC5640231, PMC5821036, PMC5821952, PMC5872749, PMC5943410, PMC6049513, PMC7757854, PMC7851876, PMC8505974, PMC9598147",60.05,59.47,55.0,57.9,486,294,35,23,1018.0,1080.0,1037.0,1098.0,forward,reverse_complement,2,2,3,"PMC10253631,PMC10861344,PMC10932199,PMC11036757,PMC11722803,PMC11891402,PMC2447897,PMC2900228,PMC3505838,PMC3514219,PMC3683442,PMC4260220,PMC4451075,PMC4726074,PMC4728666,PMC5201290,PMC548146,PMC5669865,PMC5739599,PMC5924976,PMC5981620,PMC6305703,PMC6340891,PMC6562390,PMC7048378,PMC7079496,PMC7085266,PMC7146557,PMC7561405,PMC7918199,PMC8164285,PMC8228698,PMC9288680,PMC9609051,PMC9938541",,"PMC10816192,PMC11079528,PMC11237897,PMC11533084,PMC11538663,PMC12054994,PMC3552813,PMC3655946,PMC3656108,PMC3911986,PMC4821645,PMC5059750,PMC5394236,PMC5640231,PMC5821036,PMC5821952,PMC5872749,PMC5943410,PMC6049513,PMC7757854,PMC7851876,PMC8505974,PMC9598147",,0,35,23,0,0,,,,,,,,,,,,,,,,,,,,,,0.6381885800891323,0.9261111111111112,0.8066666666666672,75.8260956711233
CGCAAGAGCCGAGATAAAGC,TCTCCACGTTGCGTTGTTT,CEBPA,CEBPA,"C/EBP (11), Cebpa (6), C/EBP- (4), Cebp (2), mouse (2), C/ebp (1), CCAAT/enhancer (1), CEBP (1), EBP (1), EBP1a (1), Mouse (1), NM_007678 (1), Runx-2 (1), Runx2 (1)","Cebpa (8), C/EBP (4), C/EBPa (1), C/ebp (1), CEBP (1), Gapdh (1), Ly6d-R (1), mC/EBP (1), mCebpa (1), qP-mmu-Cebpa-F (1)",3.5,40.0,36,22,"PMC10253631, PMC10861344, PMC10932199, PMC11036757, PMC11722803, PMC11891402, PMC2447897, PMC2900228, PMC3505838, PMC3514219, PMC3683442, PMC4260220, PMC4451075, PMC4726074, PMC4728666, PMC5201290, PMC548146, PMC5669865, PMC5739599, PMC5924976, PMC5981620, PMC6305703, PMC6340891, PMC6562390, PMC7048378, PMC7079496, PMC7085266, PMC7146557, PMC7561405, PMC7918199, PMC8164285, PMC8228698, PMC9288680, PMC9609051, PMC9938541","PMC10816192, PMC11079528, PMC11237897, PMC11533084, PMC11538663, PMC3655946, PMC3656108, PMC3911986, PMC4821645, PMC5059750, PMC5394236, PMC5640231, PMC5821036, PMC5821952, PMC5872749, PMC6049513, PMC7757854, PMC7851876, PMC8257693, PMC8505974, PMC9598147",60.05,58.87,55.0,47.4,486,229,35,21,1018.0,1039.0,1037.0,1057.0,forward,reverse_complement,2,4,5,"PMC10253631,PMC10861344,PMC10932199,PMC11036757,PMC11722803,PMC11891402,PMC2447897,PMC2900228,PMC3505838,PMC3514219,PMC3683442,PMC4260220,PMC4451075,PMC4726074,PMC4728666,PMC5201290,PMC548146,PMC5669865,PMC5739599,PMC5924976,PMC5981620,PMC6305703,PMC6340891,PMC6562390,PMC7048378,PMC7079496,PMC7085266,PMC7146557,PMC7561405,PMC7918199,PMC8164285,PMC8228698,PMC9288680,PMC9609051,PMC9938541",,,"PMC10816192,PMC11079528,PMC11237897,PMC11533084,PMC11538663,PMC3655946,PMC3656108,PMC3911986,PMC4821645,PMC5059750,PMC5394236,PMC5640231,PMC5821036,PMC5821952,PMC5872749,PMC6049513,PMC7757854,PMC7851876,PMC8257693,PMC8505974,PMC9598147",0,35,0,0,21,,,,,,,,,,,,,,,,,,,,,,0.46253499557525113,0.9344444444444444,0.6066666666666667,63.29341644542923
AGTTGACCAGTGACAATGACCG,CACGGCTCAGCTGTTCCA,CEBPA,CEBPA,"C/EBP (8), Cebpa (5), CEBP (2), mouse (2), C/EBP- (1), C/ebp (1), EBP- (1), EBP1a (1), Peroxisome (1)","C/EBP (5), C/EBP- (2), Cebpa (1), EBP (1), Gene (1), N3541G05 (1), PPARG-forward (1)",0.021,0.44,34,19,"PMC10455188, PMC2790509, PMC3403644, PMC3497724, PMC3500352, PMC3630208, PMC4426667, PMC4728666, PMC4749801, PMC5113998, PMC5201290, PMC5461766, PMC5691666, PMC5854628, PMC5872621, PMC5924976, PMC6017709, PMC6073532, PMC6116159, PMC6202101, PMC6213011, PMC6340891, PMC6343767, PMC7551095, PMC7773463, PMC7953623, PMC8124068, PMC8164285, PMC8458348, PMC8492875, PMC8698494, PMC8912486, PMC9029851","PMC10019655, PMC10253631, PMC11722803, PMC11994938, PMC2649434, PMC3514219, PMC3683442, PMC4260220, PMC4280942, PMC4726074, PMC5739599, PMC6102591, PMC6305703, PMC6562390, PMC7085266, PMC7146557, PMC8228698, PMC9288680, PMC9955970",61.47,60.61,50.0,61.1,555,146,33,19,1076.0,1112.0,1097.0,1129.0,forward,reverse_complement,3,6,3,"PMC2790509,PMC3500352,PMC4749801,PMC5113998","PMC10455188,PMC3403644,PMC3497724,PMC3630208,PMC4426667,PMC4728666,PMC5201290,PMC5461766,PMC5691666,PMC5854628,PMC5872621,PMC5924976,PMC6017709,PMC6073532,PMC6116159,PMC6202101,PMC6213011,PMC6340891,PMC6343767,PMC7551095,PMC7773463,PMC7953623,PMC8124068,PMC8164285,PMC8458348,PMC8492875,PMC8698494,PMC8912486,PMC9029851","PMC10019655,PMC10253631,PMC11722803,PMC11994938,PMC2649434,PMC3514219,PMC3683442,PMC4260220,PMC4280942,PMC4726074,PMC5739599,PMC6102591,PMC6305703,PMC6562390,PMC7085266,PMC7146557,PMC8228698,PMC9288680,PMC9955970",,0,4,19,29,0,,,,,,,,,,,,,,,,,,,,,,0.5117461004082627,0.8025694444444447,0.7133333333333336,63.93105502041314
AGTTGACCAGTGACAATGACCG,CCTTGACCAAGGAGCTCTCA,CEBPA,CEBPA,"C/EBP (8), Cebpa (5), CEBP (2), mouse (2), C/EBP- (1), C/ebp (1), EBP- (1), EBP1a (1), Peroxisome (1)","C/EBP (5), Type (2), C/EBP- (1), Cebpa (1), PTBP1 (1), Target (1), mC/EBP (1)",0.021,0.014,34,17,"PMC10455188, PMC2790509, PMC3403644, PMC3497724, PMC3500352, PMC3630208, PMC4426667, PMC4728666, PMC4749801, PMC5113998, PMC5201290, PMC5461766, PMC5691666, PMC5854628, PMC5872621, PMC5924976, PMC6017709, PMC6073532, PMC6116159, PMC6202101, PMC6213011, PMC6340891, PMC6343767, PMC7551095, PMC7773463, PMC7953623, PMC8124068, PMC8164285, PMC8458348, PMC8492875, PMC8698494, PMC8912486, PMC9029851","PMC11821779, PMC11960900, PMC3483309, PMC3832965, PMC5004166, PMC5363867, PMC5402942, PMC5627035, PMC5775309, PMC7379966, PMC8057619, PMC8538253, PMC8698410, PMC8742188, PMC8929050, PMC8931631, PMC9855157",61.47,59.68,50.0,55.0,555,228,33,17,1076.0,1167.0,1097.0,1186.0,forward,reverse_complement,3,6,3,"PMC2790509,PMC3500352,PMC4749801,PMC5113998","PMC10455188,PMC3403644,PMC3497724,PMC3630208,PMC4426667,PMC4728666,PMC5201290,PMC5461766,PMC5691666,PMC5854628,PMC5872621,PMC5924976,PMC6017709,PMC6073532,PMC6116159,PMC6202101,PMC6213011,PMC6340891,PMC6343767,PMC7551095,PMC7773463,PMC7953623,PMC8124068,PMC8164285,PMC8458348,PMC8492875,PMC8698494,PMC8912486,PMC9029851","PMC11821779,PMC11960900,PMC3483309,PMC3832965,PMC5004166,PMC5363867,PMC5402942,PMC5627035,PMC5775309,PMC7379966,PMC8057619,PMC8538253,PMC8698410,PMC8742188,PMC8929050,PMC8931631,PMC9855157",,0,4,17,29,0,,,,,,,,,,,,,,,,,,,,,,0.5018016865589654,0.9005555555555556,0.40333333333333365,60.17341766128161
GTGCTGGAGTTGACCAGTGA,CACGGCTCAGCTGTTCCA,CEBPA,CEBPA,"C/EBP (5), Cebpa-R (4), Cebpa (3), Adiponectin (1), C/EBPa (1), C/ebp- (1), CEBPA (1), Dio2 (1), FABP4 (1), Ho-1 (1), ID (1), R-5 (1), REAGENT (1), RUNX2 (1), mC/EBP (1)","C/EBP (5), C/EBP- (2), Cebpa (1), EBP (1), Gene (1), N3541G05 (1), PPARG-forward (1)",0.87,0.44,32,19,"PMC10217980, PMC10542616, PMC10803945, PMC10816114, PMC10950319, PMC10968156, PMC10974239, PMC11222839, PMC11292260, PMC11533084, PMC11595554, PMC11748614, PMC11803209, PMC4418761, PMC4777376, PMC5752497, PMC5823915, PMC5932452, PMC6401824, PMC6404308, PMC6532930, PMC6764825, PMC6999844, PMC7721580, PMC7746190, PMC8071752, PMC8536733, PMC9219514, PMC9277600, PMC9297103, PMC9854541, PMC9941494","PMC10019655, PMC10253631, PMC11722803, PMC11994938, PMC2649434, PMC3514219, PMC3683442, PMC4260220, PMC4280942, PMC4726074, PMC5739599, PMC6102591, PMC6305703, PMC6562390, PMC7085266, PMC7146557, PMC8228698, PMC9288680, PMC9955970",60.55,60.61,55.0,61.1,217,146,32,19,1069.0,1112.0,1088.0,1129.0,forward,reverse_complement,4,6,4,,"PMC10217980,PMC10542616,PMC10803945,PMC10816114,PMC10950319,PMC10968156,PMC10974239,PMC11222839,PMC11292260,PMC11533084,PMC11595554,PMC11748614,PMC11803209,PMC4418761,PMC4777376,PMC5752497,PMC5823915,PMC5932452,PMC6401824,PMC6404308,PMC6532930,PMC6764825,PMC6999844,PMC7721580,PMC7746190,PMC8071752,PMC8536733,PMC9219514,PMC9277600,PMC9297103,PMC9854541,PMC9941494","PMC10019655,PMC10253631,PMC11722803,PMC11994938,PMC2649434,PMC3514219,PMC3683442,PMC4260220,PMC4280942,PMC4726074,PMC5739599,PMC6102591,PMC6305703,PMC6562390,PMC7085266,PMC7146557,PMC8228698,PMC9288680,PMC9955970",,0,0,19,32,0,,,,,,,,,,,,,,,,,,,,,,0.4233626917603916,0.8536805555555558,0.9799999999999992,66.37855125468623
GTGCTGGAGTTGACCAGTGA,CCTTGACCAAGGAGCTCTCA,CEBPA,CEBPA,"C/EBP (5), Cebpa-R (4), Cebpa (3), Adiponectin (1), C/EBPa (1), C/ebp- (1), CEBPA (1), Dio2 (1), FABP4 (1), Ho-1 (1), ID (1), R-5 (1), REAGENT (1), RUNX2 (1), mC/EBP (1)","C/EBP (5), Type (2), C/EBP- (1), Cebpa (1), PTBP1 (1), Target (1), mC/EBP (1)",0.87,0.014,32,17,"PMC10217980, PMC10542616, PMC10803945, PMC10816114, PMC10950319, PMC10968156, PMC10974239, PMC11222839, PMC11292260, PMC11533084, PMC11595554, PMC11748614, PMC11803209, PMC4418761, PMC4777376, PMC5752497, PMC5823915, PMC5932452, PMC6401824, PMC6404308, PMC6532930, PMC6764825, PMC6999844, PMC7721580, PMC7746190, PMC8071752, PMC8536733, PMC9219514, PMC9277600, PMC9297103, PMC9854541, PMC9941494","PMC11821779, PMC11960900, PMC3483309, PMC3832965, PMC5004166, PMC5363867, PMC5402942, PMC5627035, PMC5775309, PMC7379966, PMC8057619, PMC8538253, PMC8698410, PMC8742188, PMC8929050, PMC8931631, PMC9855157",60.55,59.68,55.0,55.0,217,228,32,17,1069.0,1167.0,1088.0,1186.0,forward,reverse_complement,4,6,3,,"PMC10217980,PMC10542616,PMC10803945,PMC10816114,PMC10950319,PMC10968156,PMC10974239,PMC11222839,PMC11292260,PMC11533084,PMC11595554,PMC11748614,PMC11803209,PMC4418761,PMC4777376,PMC5752497,PMC5823915,PMC5932452,PMC6401824,PMC6404308,PMC6532930,PMC6764825,PMC6999844,PMC7721580,PMC7746190,PMC8071752,PMC8536733,PMC9219514,PMC9277600,PMC9297103,PMC9854541,PMC9941494","PMC11821779,PMC11960900,PMC3483309,PMC3832965,PMC5004166,PMC5363867,PMC5402942,PMC5627035,PMC5775309,PMC7379966,PMC8057619,PMC8538253,PMC8698410,PMC8742188,PMC8929050,PMC8931631,PMC9855157",,0,0,17,32,0,,,,,,,,,,,,,,,,,,,,,,0.4134182779110942,0.9516666666666668,0.7100000000000009,63.42091389555473
GACCAGTGACAATGACCGC,CACGGCTCAGCTGTTCCA,CEBPA,CEBPA,"Cebpa (6), C/EBP (4), Cebpb (2), C/EBPa (1), C/ebp (1), CEBP (1), Gapdh (1), Mpo-F (1), mC/EBP (1), mCebpa (1), qP-mmu-Cebpa-R (1)","C/EBP (5), C/EBP- (2), Cebpa (1), EBP (1), Gene (1), N3541G05 (1), PPARG-forward (1)",0.011,0.44,24,19,"PMC10816192, PMC11079528, PMC11237897, PMC11533084, PMC11538663, PMC12054994, PMC3552813, PMC3655946, PMC3656108, PMC3911986, PMC4821645, PMC5059750, PMC5394236, PMC5640231, PMC5821036, PMC5821952, PMC5872749, PMC5943410, PMC6049513, PMC7757854, PMC7851876, PMC8505974, PMC9598147","PMC10019655, PMC10253631, PMC11722803, PMC11994938, PMC2649434, PMC3514219, PMC3683442, PMC4260220, PMC4280942, PMC4726074, PMC5739599, PMC6102591, PMC6305703, PMC6562390, PMC7085266, PMC7146557, PMC8228698, PMC9288680, PMC9955970",59.47,60.61,57.9,61.1,294,146,23,19,1080.0,1112.0,1098.0,1129.0,forward,reverse_complement,2,6,3,,"PMC10816192,PMC11079528,PMC11237897,PMC11533084,PMC11538663,PMC12054994,PMC3552813,PMC3655946,PMC3656108,PMC3911986,PMC4821645,PMC5059750,PMC5394236,PMC5640231,PMC5821036,PMC5821952,PMC5872749,PMC5943410,PMC6049513,PMC7757854,PMC7851876,PMC8505974,PMC9598147","PMC10019655,PMC10253631,PMC11722803,PMC11994938,PMC2649434,PMC3514219,PMC3683442,PMC4260220,PMC4280942,PMC4726074,PMC5739599,PMC6102591,PMC6305703,PMC6562390,PMC7085266,PMC7146557,PMC8228698,PMC9288680,PMC9955970",,0,0,19,23,0,,,,,,,,,,,,,,,,,,,,,,0.41055611667986003,0.813125,0.6199999999999999,57.321555833992996
GACCAGTGACAATGACCGC,CCTTGACCAAGGAGCTCTCA,CEBPA,CEBPA,"Cebpa (6), C/EBP (4), Cebpb (2), C/EBPa (1), C/ebp (1), CEBP (1), Gapdh (1), Mpo-F (1), mC/EBP (1), mCebpa (1), qP-mmu-Cebpa-R (1)","C/EBP (5), Type (2), C/EBP- (1), Cebpa (1), PTBP1 (1), Target (1), mC/EBP (1)",0.011,0.014,24,17,"PMC10816192, PMC11079528, PMC11237897, PMC11533084, PMC11538663, PMC12054994, PMC3552813, PMC3655946, PMC3656108, PMC3911986, PMC4821645, PMC5059750, PMC5394236, PMC5640231, PMC5821036, PMC5821952, PMC5872749, PMC5943410, PMC6049513, PMC7757854, PMC7851876, PMC8505974, PMC9598147","PMC11821779, PMC11960900, PMC3483309, PMC3832965, PMC5004166, PMC5363867, PMC5402942, PMC5627035, PMC5775309, PMC7379966, PMC8057619, PMC8538253, PMC8698410, PMC8742188, PMC8929050, PMC8931631, PMC9855157",59.47,59.68,57.9,55.0,294,228,23,17,1080.0,1167.0,1098.0,1186.0,forward,reverse_complement,2,6,3,,"PMC10816192,PMC11079528,PMC11237897,PMC11533084,PMC11538663,PMC12054994,PMC3552813,PMC3655946,PMC3656108,PMC3911986,PMC4821645,PMC5059750,PMC5394236,PMC5640231,PMC5821036,PMC5821952,PMC5872749,PMC5943410,PMC6049513,PMC7757854,PMC7851876,PMC8505974,PMC9598147","PMC11821779,PMC11960900,PMC3483309,PMC3832965,PMC5004166,PMC5363867,PMC5402942,PMC5627035,PMC5775309,PMC7379966,PMC8057619,PMC8538253,PMC8698410,PMC8742188,PMC8929050,PMC8931631,PMC9855157",,0,0,17,23,0,,,,,,,,,,,,,,,,,,,,,,0.4006117028305627,0.911111111111111,0.9299999999999997,65.96391847486144
AAACAACGCAACGTGGAGA,GTCACTGGTCAACTCCAGCAC,CEBPA,CEBPA,"Cebpa (8), C/EBP (4), C/EBPa (1), C/ebp (1), CEBP (1), Gapdh (1), Ly6d-R (1), mC/EBP (1), mCebpa (1), qP-mmu-Cebpa-F (1)","C/EBP (42), Cebpa (20), C/ebp (8), Gene (8), CEBP- (4), CEBP (3), CEBPA (3), Cebpa-R (3), Mouse (3), C/EBP- (2), Col1a1 (2), The (2), Adiponectin (1), Adipoq (1), Atgl (1), C/EBPa (1), C/Ebp (1), C/ebp-alpha (1), C/ebpa (1), CCAAT (1), CEBPA-R (1), Cebp (1), Cebp- (1), Cebp-a (1), Cebpa-Reverse (1), Cebpa-r (1), Cebpb (1), EBP (1), EBP-a (1), FABP4 (1), FAS (1), Fas (1), House (1), Il1b (1), Lpl (1), Ndfvu1 (1), Rage (1), Real-time (1), Relative (1), SREBP-1C (1), SREBP1 (1), Species (1), WQ0902 (1), cEbpa (1), m-C/EBP (1), m-Cebpa (1), m-Cebpa-R (1), mC/EBP (1), mCebp (1), mouse (1)",40.0,0.28,22,180,"PMC10816192, PMC11079528, PMC11237897, PMC11533084, PMC11538663, PMC3655946, PMC3656108, PMC3911986, PMC4821645, PMC5059750, PMC5394236, PMC5640231, PMC5821036, PMC5821952, PMC5872749, PMC6049513, PMC7757854, PMC7851876, PMC8257693, PMC8505974, PMC9598147","PMC10002255, PMC10045306, PMC10071966, PMC10152707, PMC10238510, PMC10250279, PMC10338905, PMC10457376, PMC10544195, PMC10584668, PMC10704432, PMC10708053, PMC10743546, PMC10800963, PMC10813623, PMC10827583, PMC10878150, PMC10887656, PMC10915961, PMC10936103, PMC11022325, PMC11056635, PMC11063945, PMC11088909, PMC11184087, PMC11234208, PMC11266878, PMC11294031, PMC11332326, PMC11335296, PMC11401225, PMC11458772, PMC11655665, PMC11748973, PMC11774659, PMC11848481, PMC11916988, PMC11936742, PMC11957453, PMC11964444, PMC11986517, PMC11992250, PMC11999940, PMC12001421, PMC12020889, PMC12024758, PMC12048464, PMC12056170, PMC1796876, PMC2933655, PMC2987584, PMC3179551, PMC3196114, PMC3377726, PMC3529640, PMC3623555, PMC3735638, PMC3835255, PMC3852222, PMC3975077, PMC3979956, PMC4062480, PMC4070320, PMC4084855, PMC4210202, PMC4415922, PMC4455245, PMC4481462, PMC4552947, PMC4745345, PMC4808799, PMC4880908, PMC4978386, PMC5017575, PMC5042499, PMC5143777, PMC5217231, PMC5220372, PMC5309696, PMC5335663, PMC5444017, PMC5472651, PMC5551894, PMC5676986, PMC5686073, PMC5691754, PMC5706914, PMC5852494, PMC5852707, PMC5935725, PMC5945780, PMC5964050, PMC6018498, PMC6053744, PMC6054613, PMC6128224, PMC6167054, PMC6203291, PMC6224457, PMC6317813, PMC6356276, PMC6370809, PMC6528359, PMC6610100, PMC6689118, PMC6787563, PMC6804931, PMC6826327, PMC6832161, PMC6875017, PMC6885157, PMC6885226, PMC6907247, PMC6972779, PMC7017059, PMC7071193, PMC7113529, PMC7179127, PMC7220380, PMC7238871, PMC7378905, PMC7385159, PMC7471457, PMC7602835, PMC7722719, PMC7723938, PMC7760913, PMC7829987, PMC7866615, PMC7889436, PMC7979882, PMC7997658, PMC8025837, PMC8075002, PMC8115553, PMC8217766, PMC8282249, PMC8289825, PMC8447755, PMC8508536, PMC8527580, PMC8608845, PMC8654480, PMC8666036, PMC8705906, PMC8728525, PMC8781062, PMC8809606, PMC8820077, PMC8866150, PMC8867119, PMC8903613, PMC8929042, PMC8974137, PMC9007687, PMC9064292, PMC9119859, PMC9141522, PMC9159628, PMC9204983, PMC9276046, PMC9368982, PMC9388110, PMC9396928, PMC9564091, PMC9569567, PMC9758429, PMC9859061, PMC9891933, PMC9903543, PMC9934812",58.87,61.79,47.4,57.1,229,3605,21,171,1039.0,1069.0,1057.0,1089.0,forward,reverse_complement,4,4,5,"PMC10816192,PMC11079528,PMC11237897,PMC11533084,PMC11538663,PMC3655946,PMC3656108,PMC3911986,PMC4821645,PMC5059750,PMC5394236,PMC5640231,PMC5821036,PMC5821952,PMC5872749,PMC6049513,PMC7757854,PMC7851876,PMC8257693,PMC8505974,PMC9598147",,"PMC10002255,PMC10045306,PMC10071966,PMC10152707,PMC10238510,PMC10250279,PMC10338905,PMC10457376,PMC10544195,PMC10584668,PMC10704432,PMC10708053,PMC10743546,PMC10800963,PMC10813623,PMC10827583,PMC10878150,PMC10887656,PMC10915961,PMC10936103,PMC11022325,PMC11056635,PMC11063945,PMC11088909,PMC11184087,PMC11234208,PMC11266878,PMC11294031,PMC11332326,PMC11335296,PMC11401225,PMC11458772,PMC11655665,PMC11748973,PMC11774659,PMC11848481,PMC11916988,PMC11936742,PMC11957453,PMC11964444,PMC11986517,PMC11992250,PMC11999940,PMC12001421,PMC12020889,PMC12024758,PMC12048464,PMC12056170,PMC1796876,PMC2933655,PMC2987584,PMC3179551,PMC3196114,PMC3377726,PMC3529640,PMC3623555,PMC3735638,PMC3835255,PMC3852222,PMC3975077,PMC3979956,PMC4062480,PMC4070320,PMC4084855,PMC4210202,PMC4415922,PMC4455245,PMC4481462,PMC4552947,PMC4745345,PMC4808799,PMC4880908,PMC4978386,PMC5017575,PMC5042499,PMC5143777,PMC5217231,PMC5220372,PMC5309696,PMC5335663,PMC5444017,PMC5472651,PMC5551894,PMC5676986,PMC5686073,PMC5691754,PMC5706914,PMC5852494,PMC5852707,PMC5935725,PMC5945780,PMC5964050,PMC6018498,PMC6053744,PMC6054613,PMC6128224,PMC6167054,PMC6203291,PMC6224457,PMC6317813,PMC6356276,PMC6370809,PMC6528359,PMC6610100,PMC6689118,PMC6787563,PMC6804931,PMC6826327,PMC6832161,PMC6875017,PMC6885157,PMC6885226,PMC6907247,PMC6972779,PMC7017059,PMC7071193,PMC7113529,PMC7179127,PMC7220380,PMC7238871,PMC7378905,PMC7385159,PMC7471457,PMC7602835,PMC7722719,PMC7723938,PMC7760913,PMC7829987,PMC7866615,PMC7889436,PMC7979882,PMC7997658,PMC8025837,PMC8075002,PMC8115553,PMC8217766,PMC8282249,PMC8289825,PMC8447755,PMC8508536,PMC8527580,PMC8608845,PMC8654480,PMC8666036,PMC8705906,PMC8728525,PMC8781062,PMC8809606,PMC8820077,PMC8866150,PMC8867119,PMC8903613,PMC8929042,PMC8974137,PMC9007687,PMC9064292,PMC9119859,PMC9141522,PMC9159628,PMC9204983,PMC9276046,PMC9368982,PMC9388110,PMC9396928,PMC9564091,PMC9569567,PMC9758429,PMC9859061,PMC9891933,PMC9903543,PMC9934812",,0,21,171,0,0,,,,,,,,,,,,,,,,,,,,,,0.7487527308519166,0.796111111111111,0.02666666666666606,61.85430320926248
AAACAACGCAACGTGGAGA,CACGGCTCAGCTGTTCCA,CEBPA,CEBPA,"Cebpa (8), C/EBP (4), C/EBPa (1), C/ebp (1), CEBP (1), Gapdh (1), Ly6d-R (1), mC/EBP (1), mCebpa (1), qP-mmu-Cebpa-F (1)","C/EBP (5), C/EBP- (2), Cebpa (1), EBP (1), Gene (1), N3541G05 (1), PPARG-forward (1)",40.0,0.44,22,19,"PMC10816192, PMC11079528, PMC11237897, PMC11533084, PMC11538663, PMC3655946, PMC3656108, PMC3911986, PMC4821645, PMC5059750, PMC5394236, PMC5640231, PMC5821036, PMC5821952, PMC5872749, PMC6049513, PMC7757854, PMC7851876, PMC8257693, PMC8505974, PMC9598147","PMC10019655, PMC10253631, PMC11722803, PMC11994938, PMC2649434, PMC3514219, PMC3683442, PMC4260220, PMC4280942, PMC4726074, PMC5739599, PMC6102591, PMC6305703, PMC6562390, PMC7085266, PMC7146557, PMC8228698, PMC9288680, PMC9955970",58.87,60.61,47.4,61.1,229,146,21,19,1039.0,1112.0,1057.0,1129.0,forward,reverse_complement,4,6,4,"PMC10816192,PMC11079528,PMC11237897,PMC11533084,PMC11538663,PMC3655946,PMC3656108,PMC3911986,PMC4821645,PMC5059750,PMC5394236,PMC5640231,PMC5821036,PMC5821952,PMC5872749,PMC6049513,PMC7757854,PMC7851876,PMC8257693,PMC8505974,PMC9598147",,"PMC10019655,PMC10253631,PMC11722803,PMC11994938,PMC2649434,PMC3514219,PMC3683442,PMC4260220,PMC4280942,PMC4726074,PMC5739599,PMC6102591,PMC6305703,PMC6562390,PMC7085266,PMC7146557,PMC8228698,PMC9288680,PMC9955970",,0,21,19,0,0,,,,,,,,,,,,,,,,,,,,,,0.574498012978961,0.8214583333333332,0.4199999999999994,61.76865064894803
AAACAACGCAACGTGGAGA,CCTTGACCAAGGAGCTCTCA,CEBPA,CEBPA,"Cebpa (8), C/EBP (4), C/EBPa (1), C/ebp (1), CEBP (1), Gapdh (1), Ly6d-R (1), mC/EBP (1), mCebpa (1), qP-mmu-Cebpa-F (1)","C/EBP (5), Type (2), C/EBP- (1), Cebpa (1), PTBP1 (1), Target (1), mC/EBP (1)",40.0,0.014,22,17,"PMC10816192, PMC11079528, PMC11237897, PMC11533084, PMC11538663, PMC3655946, PMC3656108, PMC3911986, PMC4821645, PMC5059750, PMC5394236, PMC5640231, PMC5821036, PMC5821952, PMC5872749, PMC6049513, PMC7757854, PMC7851876, PMC8257693, PMC8505974, PMC9598147","PMC11821779, PMC11960900, PMC3483309, PMC3832965, PMC5004166, PMC5363867, PMC5402942, PMC5627035, PMC5775309, PMC7379966, PMC8057619, PMC8538253, PMC8698410, PMC8742188, PMC8929050, PMC8931631, PMC9855157",58.87,59.68,47.4,55.0,229,228,21,17,1039.0,1167.0,1057.0,1186.0,forward,reverse_complement,4,6,4,"PMC10816192,PMC11079528,PMC11237897,PMC11533084,PMC11538663,PMC3655946,PMC3656108,PMC3911986,PMC4821645,PMC5059750,PMC5394236,PMC5640231,PMC5821036,PMC5821952,PMC5872749,PMC6049513,PMC7757854,PMC7851876,PMC8257693,PMC8505974,PMC9598147",,"PMC11821779,PMC11960900,PMC3483309,PMC3832965,PMC5004166,PMC5363867,PMC5402942,PMC5627035,PMC5775309,PMC7379966,PMC8057619,PMC8538253,PMC8698410,PMC8742188,PMC8929050,PMC8931631,PMC9855157",,0,21,17,0,0,,,,,,,,,,,,,,,,,,,,,,0.5645535991296635,0.9194444444444442,0.7299999999999993,70.4110132898165
AAACAACGCAACGTGGAGA,CGGTCATTGTCACTGGTCAACT,CEBPA,CEBPA,"Cebpa (8), C/EBP (4), C/EBPa (1), C/ebp (1), CEBP (1), Gapdh (1), Ly6d-R (1), mC/EBP (1), mCebpa (1), qP-mmu-Cebpa-F (1)","C/EBP (8), Cebpa (5), CEBP (2), mouse (2), C/EBP- (1), C/ebp (1), EBP- (1), EBP1a (1), Peroxisome (1)",40.0,0.021,22,34,"PMC10816192, PMC11079528, PMC11237897, PMC11533084, PMC11538663, PMC3655946, PMC3656108, PMC3911986, PMC4821645, PMC5059750, PMC5394236, PMC5640231, PMC5821036, PMC5821952, PMC5872749, PMC6049513, PMC7757854, PMC7851876, PMC8257693, PMC8505974, PMC9598147","PMC10455188, PMC2790509, PMC3403644, PMC3497724, PMC3500352, PMC3630208, PMC4426667, PMC4728666, PMC4749801, PMC5113998, PMC5201290, PMC5461766, PMC5691666, PMC5854628, PMC5872621, PMC5924976, PMC6017709, PMC6073532, PMC6116159, PMC6202101, PMC6213011, PMC6340891, PMC6343767, PMC7551095, PMC7773463, PMC7953623, PMC8124068, PMC8164285, PMC8458348, PMC8492875, PMC8698494, PMC8912486, PMC9029851",58.87,61.47,47.4,50.0,229,555,21,33,1039.0,1076.0,1057.0,1097.0,forward,reverse_complement,4,3,4,"PMC10816192,PMC11079528,PMC11237897,PMC11533084,PMC11538663,PMC3655946,PMC3656108,PMC3911986,PMC4821645,PMC5059750,PMC5394236,PMC5640231,PMC5821036,PMC5821952,PMC5872749,PMC6049513,PMC7757854,PMC7851876,PMC8257693,PMC8505974,PMC9598147",,"PMC10455188,PMC3403644,PMC3497724,PMC3630208,PMC4426667,PMC4728666,PMC5201290,PMC5461766,PMC5691666,PMC5854628,PMC5872621,PMC5924976,PMC6017709,PMC6073532,PMC6116159,PMC6202101,PMC6213011,PMC6340891,PMC6343767,PMC7551095,PMC7773463,PMC7953623,PMC8124068,PMC8164285,PMC8458348,PMC8492875,PMC8698494,PMC8912486,PMC9029851","PMC2790509,PMC3500352,PMC4749801,PMC5113998",0,21,29,0,4,,,,,,,,,,,,,,,,,,,,,,0.6178011087476174,0.8555555555555554,0.13333333333333286,59.223388770714195
AAACAACGCAACGTGGAGA,TCACTGGTCAACTCCAGCAC,CEBPA,CEBPA,"Cebpa (8), C/EBP (4), C/EBPa (1), C/ebp (1), CEBP (1), Gapdh (1), Ly6d-R (1), mC/EBP (1), mCebpa (1), qP-mmu-Cebpa-F (1)","C/EBP (5), Cebpa-R (4), Cebpa (3), Adiponectin (1), C/EBPa (1), C/ebp- (1), CEBPA (1), Dio2 (1), FABP4 (1), Ho-1 (1), ID (1), R-5 (1), REAGENT (1), RUNX2 (1), mC/EBP (1)",40.0,0.87,22,32,"PMC10816192, PMC11079528, PMC11237897, PMC11533084, PMC11538663, PMC3655946, PMC3656108, PMC3911986, PMC4821645, PMC5059750, PMC5394236, PMC5640231, PMC5821036, PMC5821952, PMC5872749, PMC6049513, PMC7757854, PMC7851876, PMC8257693, PMC8505974, PMC9598147","PMC10217980, PMC10542616, PMC10803945, PMC10816114, PMC10950319, PMC10968156, PMC10974239, PMC11222839, PMC11292260, PMC11533084, PMC11595554, PMC11748614, PMC11803209, PMC4418761, PMC4777376, PMC5752497, PMC5823915, PMC5932452, PMC6401824, PMC6404308, PMC6532930, PMC6764825, PMC6999844, PMC7721580, PMC7746190, PMC8071752, PMC8536733, PMC9219514, PMC9277600, PMC9297103, PMC9854541, PMC9941494",58.87,60.55,47.4,55.0,229,217,21,32,1039.0,1069.0,1057.0,1088.0,forward,reverse_complement,4,4,5,"PMC10816192,PMC11079528,PMC11237897,PMC11533084,PMC11538663,PMC3655946,PMC3656108,PMC3911986,PMC4821645,PMC5059750,PMC5394236,PMC5640231,PMC5821036,PMC5821952,PMC5872749,PMC6049513,PMC7757854,PMC7851876,PMC8257693,PMC8505974,PMC9598147",,"PMC10217980,PMC10542616,PMC10803945,PMC10816114,PMC10950319,PMC10968156,PMC10974239,PMC11222839,PMC11292260,PMC11533084,PMC11595554,PMC11748614,PMC11803209,PMC4418761,PMC4777376,PMC5752497,PMC5823915,PMC5932452,PMC6401824,PMC6404308,PMC6532930,PMC6764825,PMC6999844,PMC7721580,PMC7746190,PMC8071752,PMC8536733,PMC9219514,PMC9277600,PMC9297103,PMC9854541,PMC9941494",,1,21,32,0,0,PMC11533084,,,,,,,,,,,,,,,,,,,,,0.728136532691116,0.9066666666666666,0.44000000000000006,72.4068266345558
AAACAACGCAACGTGGAGA,GCGGTCATTGTCACTGGTC,CEBPA,CEBPA,"Cebpa (8), C/EBP (4), C/EBPa (1), C/ebp (1), CEBP (1), Gapdh (1), Ly6d-R (1), mC/EBP (1), mCebpa (1), qP-mmu-Cebpa-F (1)","Cebpa (6), C/EBP (4), Cebpb (2), C/EBPa (1), C/ebp (1), CEBP (1), Gapdh (1), Mpo-F (1), mC/EBP (1), mCebpa (1), qP-mmu-Cebpa-R (1)",40.0,0.011,22,24,"PMC10816192, PMC11079528, PMC11237897, PMC11533084, PMC11538663, PMC3655946, PMC3656108, PMC3911986, PMC4821645, PMC5059750, PMC5394236, PMC5640231, PMC5821036, PMC5821952, PMC5872749, PMC6049513, PMC7757854, PMC7851876, PMC8257693, PMC8505974, PMC9598147","PMC10816192, PMC11079528, PMC11237897, PMC11533084, PMC11538663, PMC12054994, PMC3552813, PMC3655946, PMC3656108, PMC3911986, PMC4821645, PMC5059750, PMC5394236, PMC5640231, PMC5821036, PMC5821952, PMC5872749, PMC5943410, PMC6049513, PMC7757854, PMC7851876, PMC8505974, PMC9598147",58.87,59.47,47.4,57.9,229,294,21,23,1039.0,1080.0,1057.0,1098.0,forward,reverse_complement,4,2,4,"PMC10816192,PMC11079528,PMC11237897,PMC11533084,PMC11538663,PMC3655946,PMC3656108,PMC3911986,PMC4821645,PMC5059750,PMC5394236,PMC5640231,PMC5821036,PMC5821952,PMC5872749,PMC6049513,PMC7757854,PMC7851876,PMC8257693,PMC8505974,PMC9598147",,"PMC10816192,PMC11079528,PMC11237897,PMC11533084,PMC11538663,PMC12054994,PMC3552813,PMC3655946,PMC3656108,PMC3911986,PMC4821645,PMC5059750,PMC5394236,PMC5640231,PMC5821036,PMC5821952,PMC5872749,PMC5943410,PMC6049513,PMC7757854,PMC7851876,PMC8505974,PMC9598147",,20,21,23,0,0,"PMC10816192,PMC11079528,PMC11237897,PMC11533084,PMC11538663,PMC3655946,PMC3656108,PMC3911986,PMC4821645,PMC5059750,PMC5394236,PMC5640231,PMC5821036,PMC5821952,PMC5872749,PMC6049513,PMC7757854,PMC7851876,PMC8505974,PMC9598147",,,,,,,,,,,,,,,,,,,,,1.0,0.8661111111111108,0.7999999999999995,91.98333333333332
GAACAGCAACGAGTACCGGGTA,GTCACTGGTCAACTCCAGCAC,CEBPA,CEBPA,"C/EBP (3), C/EBP- (3), Cebpa (3), GAPDH (2), C/ebp (1), M-C/ebp (1), MEF (1), Rever (1), mCebpa (1), mouse (1)","C/EBP (42), Cebpa (20), C/ebp (8), Gene (8), CEBP- (4), CEBP (3), CEBPA (3), Cebpa-R (3), Mouse (3), C/EBP- (2), Col1a1 (2), The (2), Adiponectin (1), Adipoq (1), Atgl (1), C/EBPa (1), C/Ebp (1), C/ebp-alpha (1), C/ebpa (1), CCAAT (1), CEBPA-R (1), Cebp (1), Cebp- (1), Cebp-a (1), Cebpa-Reverse (1), Cebpa-r (1), Cebpb (1), EBP (1), EBP-a (1), FABP4 (1), FAS (1), Fas (1), House (1), Il1b (1), Lpl (1), Ndfvu1 (1), Rage (1), Real-time (1), Relative (1), SREBP-1C (1), SREBP1 (1), Species (1), WQ0902 (1), cEbpa (1), m-C/EBP (1), m-Cebpa (1), m-Cebpa-R (1), mC/EBP (1), mCebp (1), mouse (1)",0.001,0.28,19,180,"PMC10440178, PMC11475318, PMC12081876, PMC3223216, PMC3765709, PMC4260748, PMC4550850, PMC5004862, PMC5863796, PMC6138453, PMC6325140, PMC6916074, PMC7094326, PMC7609319, PMC8411233, PMC8913248, PMC8997615, PMC9212997","PMC10002255, PMC10045306, PMC10071966, PMC10152707, PMC10238510, PMC10250279, PMC10338905, PMC10457376, PMC10544195, PMC10584668, PMC10704432, PMC10708053, PMC10743546, PMC10800963, PMC10813623, PMC10827583, PMC10878150, PMC10887656, PMC10915961, PMC10936103, PMC11022325, PMC11056635, PMC11063945, PMC11088909, PMC11184087, PMC11234208, PMC11266878, PMC11294031, PMC11332326, PMC11335296, PMC11401225, PMC11458772, PMC11655665, PMC11748973, PMC11774659, PMC11848481, PMC11916988, PMC11936742, PMC11957453, PMC11964444, PMC11986517, PMC11992250, PMC11999940, PMC12001421, PMC12020889, PMC12024758, PMC12048464, PMC12056170, PMC1796876, PMC2933655, PMC2987584, PMC3179551, PMC3196114, PMC3377726, PMC3529640, PMC3623555, PMC3735638, PMC3835255, PMC3852222, PMC3975077, PMC3979956, PMC4062480, PMC4070320, PMC4084855, PMC4210202, PMC4415922, PMC4455245, PMC4481462, PMC4552947, PMC4745345, PMC4808799, PMC4880908, PMC4978386, PMC5017575, PMC5042499, PMC5143777, PMC5217231, PMC5220372, PMC5309696, PMC5335663, PMC5444017, PMC5472651, PMC5551894, PMC5676986, PMC5686073, PMC5691754, PMC5706914, PMC5852494, PMC5852707, PMC5935725, PMC5945780, PMC5964050, PMC6018498, PMC6053744, PMC6054613, PMC6128224, PMC6167054, PMC6203291, PMC6224457, PMC6317813, PMC6356276, PMC6370809, PMC6528359, PMC6610100, PMC6689118, PMC6787563, PMC6804931, PMC6826327, PMC6832161, PMC6875017, PMC6885157, PMC6885226, PMC6907247, PMC6972779, PMC7017059, PMC7071193, PMC7113529, PMC7179127, PMC7220380, PMC7238871, PMC7378905, PMC7385159, PMC7471457, PMC7602835, PMC7722719, PMC7723938, PMC7760913, PMC7829987, PMC7866615, PMC7889436, PMC7979882, PMC7997658, PMC8025837, PMC8075002, PMC8115553, PMC8217766, PMC8282249, PMC8289825, PMC8447755, PMC8508536, PMC8527580, PMC8608845, PMC8654480, PMC8666036, PMC8705906, PMC8728525, PMC8781062, PMC8809606, PMC8820077, PMC8866150, PMC8867119, PMC8903613, PMC8929042, PMC8974137, PMC9007687, PMC9064292, PMC9119859, PMC9141522, PMC9159628, PMC9204983, PMC9276046, PMC9368982, PMC9388110, PMC9396928, PMC9564091, PMC9569567, PMC9758429, PMC9859061, PMC9891933, PMC9903543, PMC9934812",62.94,61.79,54.5,57.1,169,3605,18,171,969.0,1069.0,990.0,1089.0,forward,reverse_complement,4,4,4,"PMC10440178,PMC11475318,PMC12081876,PMC3223216,PMC3765709,PMC4260748,PMC4550850,PMC5004862,PMC5863796,PMC6138453,PMC6325140,PMC6916074,PMC7094326,PMC7609319,PMC8411233,PMC8913248,PMC8997615,PMC9212997",,"PMC10002255,PMC10045306,PMC10071966,PMC10152707,PMC10238510,PMC10250279,PMC10338905,PMC10457376,PMC10544195,PMC10584668,PMC10704432,PMC10708053,PMC10743546,PMC10800963,PMC10813623,PMC10827583,PMC10878150,PMC10887656,PMC10915961,PMC10936103,PMC11022325,PMC11056635,PMC11063945,PMC11088909,PMC11184087,PMC11234208,PMC11266878,PMC11294031,PMC11332326,PMC11335296,PMC11401225,PMC11458772,PMC11655665,PMC11748973,PMC11774659,PMC11848481,PMC11916988,PMC11936742,PMC11957453,PMC11964444,PMC11986517,PMC11992250,PMC11999940,PMC12001421,PMC12020889,PMC12024758,PMC12048464,PMC12056170,PMC1796876,PMC2933655,PMC2987584,PMC3179551,PMC3196114,PMC3377726,PMC3529640,PMC3623555,PMC3735638,PMC3835255,PMC3852222,PMC3975077,PMC3979956,PMC4062480,PMC4070320,PMC4084855,PMC4210202,PMC4415922,PMC4455245,PMC4481462,PMC4552947,PMC4745345,PMC4808799,PMC4880908,PMC4978386,PMC5017575,PMC5042499,PMC5143777,PMC5217231,PMC5220372,PMC5309696,PMC5335663,PMC5444017,PMC5472651,PMC5551894,PMC5676986,PMC5686073,PMC5691754,PMC5706914,PMC5852494,PMC5852707,PMC5935725,PMC5945780,PMC5964050,PMC6018498,PMC6053744,PMC6054613,PMC6128224,PMC6167054,PMC6203291,PMC6224457,PMC6317813,PMC6356276,PMC6370809,PMC6528359,PMC6610100,PMC6689118,PMC6787563,PMC6804931,PMC6826327,PMC6832161,PMC6875017,PMC6885157,PMC6885226,PMC6907247,PMC6972779,PMC7017059,PMC7071193,PMC7113529,PMC7179127,PMC7220380,PMC7238871,PMC7378905,PMC7385159,PMC7471457,PMC7602835,PMC7722719,PMC7723938,PMC7760913,PMC7829987,PMC7866615,PMC7889436,PMC7979882,PMC7997658,PMC8025837,PMC8075002,PMC8115553,PMC8217766,PMC8282249,PMC8289825,PMC8447755,PMC8508536,PMC8527580,PMC8608845,PMC8654480,PMC8666036,PMC8705906,PMC8728525,PMC8781062,PMC8809606,PMC8820077,PMC8866150,PMC8867119,PMC8903613,PMC8929042,PMC8974137,PMC9007687,PMC9064292,PMC9119859,PMC9141522,PMC9159628,PMC9204983,PMC9276046,PMC9368982,PMC9388110,PMC9396928,PMC9564091,PMC9569567,PMC9758429,PMC9859061,PMC9891933,PMC9903543,PMC9934812",,0,18,171,0,0,,,,,,,,,,,,,,,,,,,,,,0.734915615401158,0.6955555555555558,0.6166666666666671,69.94578077005792
GAACAGCAACGAGTACCGGGTA,CCTTGACCAAGGAGCTCTCA,CEBPA,CEBPA,"C/EBP (3), C/EBP- (3), Cebpa (3), GAPDH (2), C/ebp (1), M-C/ebp (1), MEF (1), Rever (1), mCebpa (1), mouse (1)","C/EBP (5), Type (2), C/EBP- (1), Cebpa (1), PTBP1 (1), Target (1), mC/EBP (1)",0.001,0.014,19,17,"PMC10440178, PMC11475318, PMC12081876, PMC3223216, PMC3765709, PMC4260748, PMC4550850, PMC5004862, PMC5863796, PMC6138453, PMC6325140, PMC6916074, PMC7094326, PMC7609319, PMC8411233, PMC8913248, PMC8997615, PMC9212997","PMC11821779, PMC11960900, PMC3483309, PMC3832965, PMC5004166, PMC5363867, PMC5402942, PMC5627035, PMC5775309, PMC7379966, PMC8057619, PMC8538253, PMC8698410, PMC8742188, PMC8929050, PMC8931631, PMC9855157",62.94,59.68,54.5,55.0,169,228,18,17,969.0,1167.0,990.0,1186.0,forward,reverse_complement,4,6,3,"PMC10440178,PMC11475318,PMC12081876,PMC3223216,PMC3765709,PMC4260748,PMC4550850,PMC5004862,PMC5863796,PMC6138453,PMC6325140,PMC6916074,PMC7094326,PMC7609319,PMC8411233,PMC8913248,PMC8997615,PMC9212997",,"PMC11821779,PMC11960900,PMC3483309,PMC3832965,PMC5004166,PMC5363867,PMC5402942,PMC5627035,PMC5775309,PMC7379966,PMC8057619,PMC8538253,PMC8698410,PMC8742188,PMC8929050,PMC8931631,PMC9855157",,0,18,17,0,0,,,,,,,,,,,,,,,,,,,,,,0.5507164836789049,0.818888888888889,0.0,52.102490850611915
GAACAGCAACGAGTACCGGGTA,GCTTTATCTCGGCTCTTGCG,CEBPA,CEBPA,"C/EBP (3), C/EBP- (3), Cebpa (3), GAPDH (2), C/ebp (1), M-C/ebp (1), MEF (1), Rever (1), mCebpa (1), mouse (1)","C/EBP (11), Cebpa (6), C/EBP- (4), Cebp (2), mouse (2), C/ebp (1), CCAAT/enhancer (1), CEBP (1), EBP (1), EBP1a (1), Mouse (1), NM_007678 (1), Runx-2 (1), Runx2 (1)",0.001,3.5,19,36,"PMC10440178, PMC11475318, PMC12081876, PMC3223216, PMC3765709, PMC4260748, PMC4550850, PMC5004862, PMC5863796, PMC6138453, PMC6325140, PMC6916074, PMC7094326, PMC7609319, PMC8411233, PMC8913248, PMC8997615, PMC9212997","PMC10253631, PMC10861344, PMC10932199, PMC11036757, PMC11722803, PMC11891402, PMC2447897, PMC2900228, PMC3505838, PMC3514219, PMC3683442, PMC4260220, PMC4451075, PMC4726074, PMC4728666, PMC5201290, PMC548146, PMC5669865, PMC5739599, PMC5924976, PMC5981620, PMC6305703, PMC6340891, PMC6562390, PMC7048378, PMC7079496, PMC7085266, PMC7146557, PMC7561405, PMC7918199, PMC8164285, PMC8228698, PMC9288680, PMC9609051, PMC9938541",62.94,60.05,54.5,55.0,169,486,18,35,969.0,1018.0,990.0,1037.0,forward,reverse_complement,4,2,4,"PMC10440178,PMC11475318,PMC12081876,PMC3223216,PMC3765709,PMC4260748,PMC4550850,PMC5004862,PMC5863796,PMC6138453,PMC6325140,PMC6916074,PMC7094326,PMC7609319,PMC8411233,PMC8913248,PMC8997615,PMC9212997",,,"PMC10253631,PMC10861344,PMC10932199,PMC11036757,PMC11722803,PMC11891402,PMC2447897,PMC2900228,PMC3505838,PMC3514219,PMC3683442,PMC4260220,PMC4451075,PMC4726074,PMC4728666,PMC5201290,PMC548146,PMC5669865,PMC5739599,PMC5924976,PMC5981620,PMC6305703,PMC6340891,PMC6562390,PMC7048378,PMC7079496,PMC7085266,PMC7146557,PMC7561405,PMC7918199,PMC8164285,PMC8228698,PMC9288680,PMC9609051,PMC9938541",0,18,0,0,35,,,,,,,,,,,,,,,,,,,,,,0.42202054400181316,0.8338888888888892,0.036666666666666514,46.85102720009067
GAACAGCAACGAGTACCGGGTA,CGGTCATTGTCACTGGTCAACT,CEBPA,CEBPA,"C/EBP (3), C/EBP- (3), Cebpa (3), GAPDH (2), C/ebp (1), M-C/ebp (1), MEF (1), Rever (1), mCebpa (1), mouse (1)","C/EBP (8), Cebpa (5), CEBP (2), mouse (2), C/EBP- (1), C/ebp (1), EBP- (1), EBP1a (1), Peroxisome (1)",0.001,0.021,19,34,"PMC10440178, PMC11475318, PMC12081876, PMC3223216, PMC3765709, PMC4260748, PMC4550850, PMC5004862, PMC5863796, PMC6138453, PMC6325140, PMC6916074, PMC7094326, PMC7609319, PMC8411233, PMC8913248, PMC8997615, PMC9212997","PMC10455188, PMC2790509, PMC3403644, PMC3497724, PMC3500352, PMC3630208, PMC4426667, PMC4728666, PMC4749801, PMC5113998, PMC5201290, PMC5461766, PMC5691666, PMC5854628, PMC5872621, PMC5924976, PMC6017709, PMC6073532, PMC6116159, PMC6202101, PMC6213011, PMC6340891, PMC6343767, PMC7551095, PMC7773463, PMC7953623, PMC8124068, PMC8164285, PMC8458348, PMC8492875, PMC8698494, PMC8912486, PMC9029851",62.94,61.47,54.5,50.0,169,555,18,33,969.0,1076.0,990.0,1097.0,forward,reverse_complement,4,3,4,"PMC10440178,PMC11475318,PMC12081876,PMC3223216,PMC3765709,PMC4260748,PMC4550850,PMC5004862,PMC5863796,PMC6138453,PMC6325140,PMC6916074,PMC7094326,PMC7609319,PMC8411233,PMC8913248,PMC8997615,PMC9212997",,"PMC10455188,PMC3403644,PMC3497724,PMC3630208,PMC4426667,PMC4728666,PMC5201290,PMC5461766,PMC5691666,PMC5854628,PMC5872621,PMC5924976,PMC6017709,PMC6073532,PMC6116159,PMC6202101,PMC6213011,PMC6340891,PMC6343767,PMC7551095,PMC7773463,PMC7953623,PMC8124068,PMC8164285,PMC8458348,PMC8492875,PMC8698494,PMC8912486,PMC9029851","PMC2790509,PMC3500352,PMC4749801,PMC5113998",0,18,29,0,4,,,,,,,,,,,,,,,,,,,,,,0.6039639932968588,0.7550000000000003,0.5100000000000005,63.04819966484296
GAACAGCAACGAGTACCGGGTA,TCACTGGTCAACTCCAGCAC,CEBPA,CEBPA,"C/EBP (3), C/EBP- (3), Cebpa (3), GAPDH (2), C/ebp (1), M-C/ebp (1), MEF (1), Rever (1), mCebpa (1), mouse (1)","C/EBP (5), Cebpa-R (4), Cebpa (3), Adiponectin (1), C/EBPa (1), C/ebp- (1), CEBPA (1), Dio2 (1), FABP4 (1), Ho-1 (1), ID (1), R-5 (1), REAGENT (1), RUNX2 (1), mC/EBP (1)",0.001,0.87,19,32,"PMC10440178, PMC11475318, PMC12081876, PMC3223216, PMC3765709, PMC4260748, PMC4550850, PMC5004862, PMC5863796, PMC6138453, PMC6325140, PMC6916074, PMC7094326, PMC7609319, PMC8411233, PMC8913248, PMC8997615, PMC9212997","PMC10217980, PMC10542616, PMC10803945, PMC10816114, PMC10950319, PMC10968156, PMC10974239, PMC11222839, PMC11292260, PMC11533084, PMC11595554, PMC11748614, PMC11803209, PMC4418761, PMC4777376, PMC5752497, PMC5823915, PMC5932452, PMC6401824, PMC6404308, PMC6532930, PMC6764825, PMC6999844, PMC7721580, PMC7746190, PMC8071752, PMC8536733, PMC9219514, PMC9277600, PMC9297103, PMC9854541, PMC9941494",62.94,60.55,54.5,55.0,169,217,18,32,969.0,1069.0,990.0,1088.0,forward,reverse_complement,4,4,4,"PMC10440178,PMC11475318,PMC12081876,PMC3223216,PMC3765709,PMC4260748,PMC4550850,PMC5004862,PMC5863796,PMC6138453,PMC6325140,PMC6916074,PMC7094326,PMC7609319,PMC8411233,PMC8913248,PMC8997615,PMC9212997",,"PMC10217980,PMC10542616,PMC10803945,PMC10816114,PMC10950319,PMC10968156,PMC10974239,PMC11222839,PMC11292260,PMC11533084,PMC11595554,PMC11748614,PMC11803209,PMC4418761,PMC4777376,PMC5752497,PMC5823915,PMC5932452,PMC6401824,PMC6404308,PMC6532930,PMC6764825,PMC6999844,PMC7721580,PMC7746190,PMC8071752,PMC8536733,PMC9219514,PMC9277600,PMC9297103,PMC9854541,PMC9941494",,0,18,32,0,0,,,,,,,,,,,,,,,,,,,,,,0.6079263904636758,0.8061111111111114,0.20333333333333314,58.6463195231838
GAACAGCAACGAGTACCGGGTA,GCGGTCATTGTCACTGGTC,CEBPA,CEBPA,"C/EBP (3), C/EBP- (3), Cebpa (3), GAPDH (2), C/ebp (1), M-C/ebp (1), MEF (1), Rever (1), mCebpa (1), mouse (1)","Cebpa (6), C/EBP (4), Cebpb (2), C/EBPa (1), C/ebp (1), CEBP (1), Gapdh (1), Mpo-F (1), mC/EBP (1), mCebpa (1), qP-mmu-Cebpa-R (1)",0.001,0.011,19,24,"PMC10440178, PMC11475318, PMC12081876, PMC3223216, PMC3765709, PMC4260748, PMC4550850, PMC5004862, PMC5863796, PMC6138453, PMC6325140, PMC6916074, PMC7094326, PMC7609319, PMC8411233, PMC8913248, PMC8997615, PMC9212997","PMC10816192, PMC11079528, PMC11237897, PMC11533084, PMC11538663, PMC12054994, PMC3552813, PMC3655946, PMC3656108, PMC3911986, PMC4821645, PMC5059750, PMC5394236, PMC5640231, PMC5821036, PMC5821952, PMC5872749, PMC5943410, PMC6049513, PMC7757854, PMC7851876, PMC8505974, PMC9598147",62.94,59.47,54.5,57.9,169,294,18,23,969.0,1080.0,990.0,1098.0,forward,reverse_complement,4,2,4,"PMC10440178,PMC11475318,PMC12081876,PMC3223216,PMC3765709,PMC4260748,PMC4550850,PMC5004862,PMC5863796,PMC6138453,PMC6325140,PMC6916074,PMC7094326,PMC7609319,PMC8411233,PMC8913248,PMC8997615,PMC9212997",,"PMC10816192,PMC11079528,PMC11237897,PMC11533084,PMC11538663,PMC12054994,PMC3552813,PMC3655946,PMC3656108,PMC3911986,PMC4821645,PMC5059750,PMC5394236,PMC5640231,PMC5821036,PMC5821952,PMC5872749,PMC5943410,PMC6049513,PMC7757854,PMC7851876,PMC8505974,PMC9598147",,0,18,23,0,0,,,,,,,,,,,,,,,,,,,,,,0.5778692511803001,0.7655555555555557,0.0,51.860129225681675
GAACAGCAACGAGTACCGGGTA,TCTCCACGTTGCGTTGTTT,CEBPA,CEBPA,"C/EBP (3), C/EBP- (3), Cebpa (3), GAPDH (2), C/ebp (1), M-C/ebp (1), MEF (1), Rever (1), mCebpa (1), mouse (1)","Cebpa (8), C/EBP (4), C/EBPa (1), C/ebp (1), CEBP (1), Gapdh (1), Ly6d-R (1), mC/EBP (1), mCebpa (1), qP-mmu-Cebpa-F (1)",0.001,40.0,19,22,"PMC10440178, PMC11475318, PMC12081876, PMC3223216, PMC3765709, PMC4260748, PMC4550850, PMC5004862, PMC5863796, PMC6138453, PMC6325140, PMC6916074, PMC7094326, PMC7609319, PMC8411233, PMC8913248, PMC8997615, PMC9212997","PMC10816192, PMC11079528, PMC11237897, PMC11533084, PMC11538663, PMC3655946, PMC3656108, PMC3911986, PMC4821645, PMC5059750, PMC5394236, PMC5640231, PMC5821036, PMC5821952, PMC5872749, PMC6049513, PMC7757854, PMC7851876, PMC8257693, PMC8505974, PMC9598147",62.94,58.87,54.5,47.4,169,229,18,21,969.0,1039.0,990.0,1057.0,forward,reverse_complement,4,4,6,"PMC10440178,PMC11475318,PMC12081876,PMC3223216,PMC3765709,PMC4260748,PMC4550850,PMC5004862,PMC5863796,PMC6138453,PMC6325140,PMC6916074,PMC7094326,PMC7609319,PMC8411233,PMC8913248,PMC8997615,PMC9212997",,,"PMC10816192,PMC11079528,PMC11237897,PMC11533084,PMC11538663,PMC3655946,PMC3656108,PMC3911986,PMC4821645,PMC5059750,PMC5394236,PMC5640231,PMC5821036,PMC5821952,PMC5872749,PMC6049513,PMC7757854,PMC7851876,PMC8257693,PMC8505974,PMC9598147",0,18,0,0,21,,,,,,,,,,,,,,,,,,,,,,0.0,0.0,0.0,0.0
GTGCTGGAGTTGACCAGTGAC,CACGGCTCAGCTGTTCCA,CEBPA,CEBPA,"C/EBP (42), Cebpa (20), C/ebp (8), Gene (8), CEBP- (4), CEBP (3), CEBPA (3), Cebpa-R (3), Mouse (3), C/EBP- (2), Col1a1 (2), The (2), Adiponectin (1), Adipoq (1), Atgl (1), C/EBPa (1), C/Ebp (1), C/ebp-alpha (1), C/ebpa (1), CCAAT (1), CEBPA-R (1), Cebp (1), Cebp- (1), Cebp-a (1), Cebpa-Reverse (1), Cebpa-r (1), Cebpb (1), EBP (1), EBP-a (1), FABP4 (1), FAS (1), Fas (1), House (1), Il1b (1), Lpl (1), Ndfvu1 (1), Rage (1), Real-time (1), Relative (1), SREBP-1C (1), SREBP1 (1), Species (1), WQ0902 (1), cEbpa (1), m-C/EBP (1), m-Cebpa (1), m-Cebpa-R (1), mC/EBP (1), mCebp (1), mouse (1)","C/EBP (5), C/EBP- (2), Cebpa (1), EBP (1), Gene (1), N3541G05 (1), PPARG-forward (1)",0.28,0.44,180,19,"PMC10002255, PMC10045306, PMC10071966, PMC10152707, PMC10238510, PMC10250279, PMC10338905, PMC10457376, PMC10544195, PMC10584668, PMC10704432, PMC10708053, PMC10743546, PMC10800963, PMC10813623, PMC10827583, PMC10878150, PMC10887656, PMC10915961, PMC10936103, PMC11022325, PMC11056635, PMC11063945, PMC11088909, PMC11184087, PMC11234208, PMC11266878, PMC11294031, PMC11332326, PMC11335296, PMC11401225, PMC11458772, PMC11655665, PMC11748973, PMC11774659, PMC11848481, PMC11916988, PMC11936742, PMC11957453, PMC11964444, PMC11986517, PMC11992250, PMC11999940, PMC12001421, PMC12020889, PMC12024758, PMC12048464, PMC12056170, PMC1796876, PMC2933655, PMC2987584, PMC3179551, PMC3196114, PMC3377726, PMC3529640, PMC3623555, PMC3735638, PMC3835255, PMC3852222, PMC3975077, PMC3979956, PMC4062480, PMC4070320, PMC4084855, PMC4210202, PMC4415922, PMC4455245, PMC4481462, PMC4552947, PMC4745345, PMC4808799, PMC4880908, PMC4978386, PMC5017575, PMC5042499, PMC5143777, PMC5217231, PMC5220372, PMC5309696, PMC5335663, PMC5444017, PMC5472651, PMC5551894, PMC5676986, PMC5686073, PMC5691754, PMC5706914, PMC5852494, PMC5852707, PMC5935725, PMC5945780, PMC5964050, PMC6018498, PMC6053744, PMC6054613, PMC6128224, PMC6167054, PMC6203291, PMC6224457, PMC6317813, PMC6356276, PMC6370809, PMC6528359, PMC6610100, PMC6689118, PMC6787563, PMC6804931, PMC6826327, PMC6832161, PMC6875017, PMC6885157, PMC6885226, PMC6907247, PMC6972779, PMC7017059, PMC7071193, PMC7113529, PMC7179127, PMC7220380, PMC7238871, PMC7378905, PMC7385159, PMC7471457, PMC7602835, PMC7722719, PMC7723938, PMC7760913, PMC7829987, PMC7866615, PMC7889436, PMC7979882, PMC7997658, PMC8025837, PMC8075002, PMC8115553, PMC8217766, PMC8282249, PMC8289825, PMC8447755, PMC8508536, PMC8527580, PMC8608845, PMC8654480, PMC8666036, PMC8705906, PMC8728525, PMC8781062, PMC8809606, PMC8820077, PMC8866150, PMC8867119, PMC8903613, PMC8929042, PMC8974137, PMC9007687, PMC9064292, PMC9119859, PMC9141522, PMC9159628, PMC9204983, PMC9276046, PMC9368982, PMC9388110, PMC9396928, PMC9564091, PMC9569567, PMC9758429, PMC9859061, PMC9891933, PMC9903543, PMC9934812","PMC10019655, PMC10253631, PMC11722803, PMC11994938, PMC2649434, PMC3514219, PMC3683442, PMC4260220, PMC4280942, PMC4726074, PMC5739599, PMC6102591, PMC6305703, PMC6562390, PMC7085266, PMC7146557, PMC8228698, PMC9288680, PMC9955970",61.79,60.61,57.1,61.1,3605,146,171,19,1069.0,1112.0,1089.0,1129.0,forward,reverse_complement,4,6,4,,"PMC10002255,PMC10045306,PMC10071966,PMC10152707,PMC10238510,PMC10250279,PMC10338905,PMC10457376,PMC10544195,PMC10584668,PMC10704432,PMC10708053,PMC10743546,PMC10800963,PMC10813623,PMC10827583,PMC10878150,PMC10887656,PMC10915961,PMC10936103,PMC11022325,PMC11056635,PMC11063945,PMC11088909,PMC11184087,PMC11234208,PMC11266878,PMC11294031,PMC11332326,PMC11335296,PMC11401225,PMC11458772,PMC11655665,PMC11748973,PMC11774659,PMC11848481,PMC11916988,PMC11936742,PMC11957453,PMC11964444,PMC11986517,PMC11992250,PMC11999940,PMC12001421,PMC12020889,PMC12024758,PMC12048464,PMC12056170,PMC1796876,PMC2933655,PMC2987584,PMC3179551,PMC3196114,PMC3377726,PMC3529640,PMC3623555,PMC3735638,PMC3835255,PMC3852222,PMC3975077,PMC3979956,PMC4062480,PMC4070320,PMC4084855,PMC4210202,PMC4415922,PMC4455245,PMC4481462,PMC4552947,PMC4745345,PMC4808799,PMC4880908,PMC4978386,PMC5017575,PMC5042499,PMC5143777,PMC5217231,PMC5220372,PMC5309696,PMC5335663,PMC5444017,PMC5472651,PMC5551894,PMC5676986,PMC5686073,PMC5691754,PMC5706914,PMC5852494,PMC5852707,PMC5935725,PMC5945780,PMC5964050,PMC6018498,PMC6053744,PMC6054613,PMC6128224,PMC6167054,PMC6203291,PMC6224457,PMC6317813,PMC6356276,PMC6370809,PMC6528359,PMC6610100,PMC6689118,PMC6787563,PMC6804931,PMC6826327,PMC6832161,PMC6875017,PMC6885157,PMC6885226,PMC6907247,PMC6972779,PMC7017059,PMC7071193,PMC7113529,PMC7179127,PMC7220380,PMC7238871,PMC7378905,PMC7385159,PMC7471457,PMC7602835,PMC7722719,PMC7723938,PMC7760913,PMC7829987,PMC7866615,PMC7889436,PMC7979882,PMC7997658,PMC8025837,PMC8075002,PMC8115553,PMC8217766,PMC8282249,PMC8289825,PMC8447755,PMC8508536,PMC8527580,PMC8608845,PMC8654480,PMC8666036,PMC8705906,PMC8728525,PMC8781062,PMC8809606,PMC8820077,PMC8866150,PMC8867119,PMC8903613,PMC8929042,PMC8974137,PMC9007687,PMC9064292,PMC9119859,PMC9141522,PMC9159628,PMC9204983,PMC9276046,PMC9368982,PMC9388110,PMC9396928,PMC9564091,PMC9569567,PMC9758429,PMC9859061,PMC9891933,PMC9903543,PMC9934812","PMC10019655,PMC10253631,PMC11722803,PMC11994938,PMC2649434,PMC3514219,PMC3683442,PMC4260220,PMC4280942,PMC4726074,PMC5739599,PMC6102591,PMC6305703,PMC6562390,PMC7085266,PMC7146557,PMC8228698,PMC9288680,PMC9955970",,0,0,19,171,0,,,,,,,,,,,,,,,,,,,,,,0.4897569142871678,0.7431250000000001,0.6066666666666667,58.914929047691736
GTGCTGGAGTTGACCAGTGAC,CCTTGACCAAGGAGCTCTCA,CEBPA,CEBPA,"C/EBP (42), Cebpa (20), C/ebp (8), Gene (8), CEBP- (4), CEBP (3), CEBPA (3), Cebpa-R (3), Mouse (3), C/EBP- (2), Col1a1 (2), The (2), Adiponectin (1), Adipoq (1), Atgl (1), C/EBPa (1), C/Ebp (1), C/ebp-alpha (1), C/ebpa (1), CCAAT (1), CEBPA-R (1), Cebp (1), Cebp- (1), Cebp-a (1), Cebpa-Reverse (1), Cebpa-r (1), Cebpb (1), EBP (1), EBP-a (1), FABP4 (1), FAS (1), Fas (1), House (1), Il1b (1), Lpl (1), Ndfvu1 (1), Rage (1), Real-time (1), Relative (1), SREBP-1C (1), SREBP1 (1), Species (1), WQ0902 (1), cEbpa (1), m-C/EBP (1), m-Cebpa (1), m-Cebpa-R (1), mC/EBP (1), mCebp (1), mouse (1)","C/EBP (5), Type (2), C/EBP- (1), Cebpa (1), PTBP1 (1), Target (1), mC/EBP (1)",0.28,0.014,180,17,"PMC10002255, PMC10045306, PMC10071966, PMC10152707, PMC10238510, PMC10250279, PMC10338905, PMC10457376, PMC10544195, PMC10584668, PMC10704432, PMC10708053, PMC10743546, PMC10800963, PMC10813623, PMC10827583, PMC10878150, PMC10887656, PMC10915961, PMC10936103, PMC11022325, PMC11056635, PMC11063945, PMC11088909, PMC11184087, PMC11234208, PMC11266878, PMC11294031, PMC11332326, PMC11335296, PMC11401225, PMC11458772, PMC11655665, PMC11748973, PMC11774659, PMC11848481, PMC11916988, PMC11936742, PMC11957453, PMC11964444, PMC11986517, PMC11992250, PMC11999940, PMC12001421, PMC12020889, PMC12024758, PMC12048464, PMC12056170, PMC1796876, PMC2933655, PMC2987584, PMC3179551, PMC3196114, PMC3377726, PMC3529640, PMC3623555, PMC3735638, PMC3835255, PMC3852222, PMC3975077, PMC3979956, PMC4062480, PMC4070320, PMC4084855, PMC4210202, PMC4415922, PMC4455245, PMC4481462, PMC4552947, PMC4745345, PMC4808799, PMC4880908, PMC4978386, PMC5017575, PMC5042499, PMC5143777, PMC5217231, PMC5220372, PMC5309696, PMC5335663, PMC5444017, PMC5472651, PMC5551894, PMC5676986, PMC5686073, PMC5691754, PMC5706914, PMC5852494, PMC5852707, PMC5935725, PMC5945780, PMC5964050, PMC6018498, PMC6053744, PMC6054613, PMC6128224, PMC6167054, PMC6203291, PMC6224457, PMC6317813, PMC6356276, PMC6370809, PMC6528359, PMC6610100, PMC6689118, PMC6787563, PMC6804931, PMC6826327, PMC6832161, PMC6875017, PMC6885157, PMC6885226, PMC6907247, PMC6972779, PMC7017059, PMC7071193, PMC7113529, PMC7179127, PMC7220380, PMC7238871, PMC7378905, PMC7385159, PMC7471457, PMC7602835, PMC7722719, PMC7723938, PMC7760913, PMC7829987, PMC7866615, PMC7889436, PMC7979882, PMC7997658, PMC8025837, PMC8075002, PMC8115553, PMC8217766, PMC8282249, PMC8289825, PMC8447755, PMC8508536, PMC8527580, PMC8608845, PMC8654480, PMC8666036, PMC8705906, PMC8728525, PMC8781062, PMC8809606, PMC8820077, PMC8866150, PMC8867119, PMC8903613, PMC8929042, PMC8974137, PMC9007687, PMC9064292, PMC9119859, PMC9141522, PMC9159628, PMC9204983, PMC9276046, PMC9368982, PMC9388110, PMC9396928, PMC9564091, PMC9569567, PMC9758429, PMC9859061, PMC9891933, PMC9903543, PMC9934812","PMC11821779, PMC11960900, PMC3483309, PMC3832965, PMC5004166, PMC5363867, PMC5402942, PMC5627035, PMC5775309, PMC7379966, PMC8057619, PMC8538253, PMC8698410, PMC8742188, PMC8929050, PMC8931631, PMC9855157",61.79,59.68,57.1,55.0,3605,228,171,17,1069.0,1167.0,1089.0,1186.0,forward,reverse_complement,4,6,3,,"PMC10002255,PMC10045306,PMC10071966,PMC10152707,PMC10238510,PMC10250279,PMC10338905,PMC10457376,PMC10544195,PMC10584668,PMC10704432,PMC10708053,PMC10743546,PMC10800963,PMC10813623,PMC10827583,PMC10878150,PMC10887656,PMC10915961,PMC10936103,PMC11022325,PMC11056635,PMC11063945,PMC11088909,PMC11184087,PMC11234208,PMC11266878,PMC11294031,PMC11332326,PMC11335296,PMC11401225,PMC11458772,PMC11655665,PMC11748973,PMC11774659,PMC11848481,PMC11916988,PMC11936742,PMC11957453,PMC11964444,PMC11986517,PMC11992250,PMC11999940,PMC12001421,PMC12020889,PMC12024758,PMC12048464,PMC12056170,PMC1796876,PMC2933655,PMC2987584,PMC3179551,PMC3196114,PMC3377726,PMC3529640,PMC3623555,PMC3735638,PMC3835255,PMC3852222,PMC3975077,PMC3979956,PMC4062480,PMC4070320,PMC4084855,PMC4210202,PMC4415922,PMC4455245,PMC4481462,PMC4552947,PMC4745345,PMC4808799,PMC4880908,PMC4978386,PMC5017575,PMC5042499,PMC5143777,PMC5217231,PMC5220372,PMC5309696,PMC5335663,PMC5444017,PMC5472651,PMC5551894,PMC5676986,PMC5686073,PMC5691754,PMC5706914,PMC5852494,PMC5852707,PMC5935725,PMC5945780,PMC5964050,PMC6018498,PMC6053744,PMC6054613,PMC6128224,PMC6167054,PMC6203291,PMC6224457,PMC6317813,PMC6356276,PMC6370809,PMC6528359,PMC6610100,PMC6689118,PMC6787563,PMC6804931,PMC6826327,PMC6832161,PMC6875017,PMC6885157,PMC6885226,PMC6907247,PMC6972779,PMC7017059,PMC7071193,PMC7113529,PMC7179127,PMC7220380,PMC7238871,PMC7378905,PMC7385159,PMC7471457,PMC7602835,PMC7722719,PMC7723938,PMC7760913,PMC7829987,PMC7866615,PMC7889436,PMC7979882,PMC7997658,PMC8025837,PMC8075002,PMC8115553,PMC8217766,PMC8282249,PMC8289825,PMC8447755,PMC8508536,PMC8527580,PMC8608845,PMC8654480,PMC8666036,PMC8705906,PMC8728525,PMC8781062,PMC8809606,PMC8820077,PMC8866150,PMC8867119,PMC8903613,PMC8929042,PMC8974137,PMC9007687,PMC9064292,PMC9119859,PMC9141522,PMC9159628,PMC9204983,PMC9276046,PMC9368982,PMC9388110,PMC9396928,PMC9564091,PMC9569567,PMC9758429,PMC9859061,PMC9891933,PMC9903543,PMC9934812","PMC11821779,PMC11960900,PMC3483309,PMC3832965,PMC5004166,PMC5363867,PMC5402942,PMC5627035,PMC5775309,PMC7379966,PMC8057619,PMC8538253,PMC8698410,PMC8742188,PMC8929050,PMC8931631,PMC9855157",,0,0,17,171,0,,,,,,,,,,,,,,,,,,,,,,0.4798125004378704,0.8411111111111111,0.29666666666666686,55.15729168856019
TGGACAAGAACAGCAACGAG,GTCACTGGTCAACTCCAGCAC,CEBPA,CEBPA,"C/EBP (29), Cebpa (10), CCAAT/enhancer (3), CEBPA (3), Cebpa-F (2), Q-PCR (2), mC/EBP (2), ADIPOQ (1), C/EBP- (1), C/EBPa (1), C/EBPa-F (1), C/ebp (1), C/ebp- (1), CCAAT (1), CEBP (1), Cebp (1), F-5 (1), Ho-1 (1), NM_001287514.1 (1), PPARG-R (1), The (1), hC/EBP (1), hC/EBP- (1), hCEBPA (1), human (1)","C/EBP (42), Cebpa (20), C/ebp (8), Gene (8), CEBP- (4), CEBP (3), CEBPA (3), Cebpa-R (3), Mouse (3), C/EBP- (2), Col1a1 (2), The (2), Adiponectin (1), Adipoq (1), Atgl (1), C/EBPa (1), C/Ebp (1), C/ebp-alpha (1), C/ebpa (1), CCAAT (1), CEBPA-R (1), Cebp (1), Cebp- (1), Cebp-a (1), Cebpa-Reverse (1), Cebpa-r (1), Cebpb (1), EBP (1), EBP-a (1), FABP4 (1), FAS (1), Fas (1), House (1), Il1b (1), Lpl (1), Ndfvu1 (1), Rage (1), Real-time (1), Relative (1), SREBP-1C (1), SREBP1 (1), Species (1), WQ0902 (1), cEbpa (1), m-C/EBP (1), m-Cebpa (1), m-Cebpa-R (1), mC/EBP (1), mCebp (1), mouse (1)",0.004,0.28,73,180,"PMC10003776, PMC10006843, PMC10136946, PMC10217980, PMC10273720, PMC10341373, PMC10542616, PMC10803945, PMC10816114, PMC10968156, PMC11007997, PMC11222839, PMC11254535, PMC11292260, PMC11320850, PMC11533084, PMC11595554, PMC11722594, PMC11748614, PMC11803209, PMC11842253, PMC12020305, PMC12102944, PMC1779419, PMC2528161, PMC2865165, PMC2962638, PMC2976073, PMC3509333, PMC3904083, PMC4213691, PMC4338335, PMC4366188, PMC4410681, PMC4432921, PMC4478488, PMC4628776, PMC4692214, PMC4971437, PMC5018325, PMC5823915, PMC5915190, PMC5932452, PMC6076382, PMC6152471, PMC6297775, PMC6328886, PMC6359792, PMC6396001, PMC6401824, PMC6404308, PMC6532930, PMC6681597, PMC6929371, PMC7552535, PMC7721580, PMC7746190, PMC7815687, PMC7979882, PMC8066030, PMC8071752, PMC8361256, PMC8536733, PMC8538253, PMC8698410, PMC9219514, PMC9277600, PMC9297103, PMC9407703, PMC9854541, PMC9953915","PMC10002255, PMC10045306, PMC10071966, PMC10152707, PMC10238510, PMC10250279, PMC10338905, PMC10457376, PMC10544195, PMC10584668, PMC10704432, PMC10708053, PMC10743546, PMC10800963, PMC10813623, PMC10827583, PMC10878150, PMC10887656, PMC10915961, PMC10936103, PMC11022325, PMC11056635, PMC11063945, PMC11088909, PMC11184087, PMC11234208, PMC11266878, PMC11294031, PMC11332326, PMC11335296, PMC11401225, PMC11458772, PMC11655665, PMC11748973, PMC11774659, PMC11848481, PMC11916988, PMC11936742, PMC11957453, PMC11964444, PMC11986517, PMC11992250, PMC11999940, PMC12001421, PMC12020889, PMC12024758, PMC12048464, PMC12056170, PMC1796876, PMC2933655, PMC2987584, PMC3179551, PMC3196114, PMC3377726, PMC3529640, PMC3623555, PMC3735638, PMC3835255, PMC3852222, PMC3975077, PMC3979956, PMC4062480, PMC4070320, PMC4084855, PMC4210202, PMC4415922, PMC4455245, PMC4481462, PMC4552947, PMC4745345, PMC4808799, PMC4880908, PMC4978386, PMC5017575, PMC5042499, PMC5143777, PMC5217231, PMC5220372, PMC5309696, PMC5335663, PMC5444017, PMC5472651, PMC5551894, PMC5676986, PMC5686073, PMC5691754, PMC5706914, PMC5852494, PMC5852707, PMC5935725, PMC5945780, PMC5964050, PMC6018498, PMC6053744, PMC6054613, PMC6128224, PMC6167054, PMC6203291, PMC6224457, PMC6317813, PMC6356276, PMC6370809, PMC6528359, PMC6610100, PMC6689118, PMC6787563, PMC6804931, PMC6826327, PMC6832161, PMC6875017, PMC6885157, PMC6885226, PMC6907247, PMC6972779, PMC7017059, PMC7071193, PMC7113529, PMC7179127, PMC7220380, PMC7238871, PMC7378905, PMC7385159, PMC7471457, PMC7602835, PMC7722719, PMC7723938, PMC7760913, PMC7829987, PMC7866615, PMC7889436, PMC7979882, PMC7997658, PMC8025837, PMC8075002, PMC8115553, PMC8217766, PMC8282249, PMC8289825, PMC8447755, PMC8508536, PMC8527580, PMC8608845, PMC8654480, PMC8666036, PMC8705906, PMC8728525, PMC8781062, PMC8809606, PMC8820077, PMC8866150, PMC8867119, PMC8903613, PMC8929042, PMC8974137, PMC9007687, PMC9064292, PMC9119859, PMC9141522, PMC9159628, PMC9204983, PMC9276046, PMC9368982, PMC9388110, PMC9396928, PMC9564091, PMC9569567, PMC9758429, PMC9859061, PMC9891933, PMC9903543, PMC9934812",59.06,61.79,50.0,57.1,681,3605,71,171,962.0,1069.0,981.0,1089.0,forward,reverse_complement,2,4,4,"PMC10003776,PMC10006843,PMC10136946,PMC10217980,PMC10273720,PMC10341373,PMC10542616,PMC10803945,PMC10816114,PMC10968156,PMC11007997,PMC11222839,PMC11254535,PMC11292260,PMC11320850,PMC11533084,PMC11595554,PMC11722594,PMC11748614,PMC11803209,PMC11842253,PMC12020305,PMC12102944,PMC1779419,PMC2528161,PMC2865165,PMC2962638,PMC2976073,PMC3509333,PMC3904083,PMC4213691,PMC4366188,PMC4410681,PMC4432921,PMC4478488,PMC4628776,PMC4692214,PMC4971437,PMC5018325,PMC5823915,PMC5915190,PMC5932452,PMC6076382,PMC6152471,PMC6297775,PMC6328886,PMC6359792,PMC6396001,PMC6401824,PMC6404308,PMC6532930,PMC6681597,PMC6929371,PMC7552535,PMC7721580,PMC7746190,PMC7815687,PMC7979882,PMC8066030,PMC8071752,PMC8361256,PMC8536733,PMC8538253,PMC8698410,PMC9219514,PMC9277600,PMC9297103,PMC9407703,PMC9854541,PMC9953915",PMC4338335,"PMC10002255,PMC10045306,PMC10071966,PMC10152707,PMC10238510,PMC10250279,PMC10338905,PMC10457376,PMC10544195,PMC10584668,PMC10704432,PMC10708053,PMC10743546,PMC10800963,PMC10813623,PMC10827583,PMC10878150,PMC10887656,PMC10915961,PMC10936103,PMC11022325,PMC11056635,PMC11063945,PMC11088909,PMC11184087,PMC11234208,PMC11266878,PMC11294031,PMC11332326,PMC11335296,PMC11401225,PMC11458772,PMC11655665,PMC11748973,PMC11774659,PMC11848481,PMC11916988,PMC11936742,PMC11957453,PMC11964444,PMC11986517,PMC11992250,PMC11999940,PMC12001421,PMC12020889,PMC12024758,PMC12048464,PMC12056170,PMC1796876,PMC2933655,PMC2987584,PMC3179551,PMC3196114,PMC3377726,PMC3529640,PMC3623555,PMC3735638,PMC3835255,PMC3852222,PMC3975077,PMC3979956,PMC4062480,PMC4070320,PMC4084855,PMC4210202,PMC4415922,PMC4455245,PMC4481462,PMC4552947,PMC4745345,PMC4808799,PMC4880908,PMC4978386,PMC5017575,PMC5042499,PMC5143777,PMC5217231,PMC5220372,PMC5309696,PMC5335663,PMC5444017,PMC5472651,PMC5551894,PMC5676986,PMC5686073,PMC5691754,PMC5706914,PMC5852494,PMC5852707,PMC5935725,PMC5945780,PMC5964050,PMC6018498,PMC6053744,PMC6054613,PMC6128224,PMC6167054,PMC6203291,PMC6224457,PMC6317813,PMC6356276,PMC6370809,PMC6528359,PMC6610100,PMC6689118,PMC6787563,PMC6804931,PMC6826327,PMC6832161,PMC6875017,PMC6885157,PMC6885226,PMC6907247,PMC6972779,PMC7017059,PMC7071193,PMC7113529,PMC7179127,PMC7220380,PMC7238871,PMC7378905,PMC7385159,PMC7471457,PMC7602835,PMC7722719,PMC7723938,PMC7760913,PMC7829987,PMC7866615,PMC7889436,PMC7979882,PMC7997658,PMC8025837,PMC8075002,PMC8115553,PMC8217766,PMC8282249,PMC8289825,PMC8447755,PMC8508536,PMC8527580,PMC8608845,PMC8654480,PMC8666036,PMC8705906,PMC8728525,PMC8781062,PMC8809606,PMC8820077,PMC8866150,PMC8867119,PMC8903613,PMC8929042,PMC8974137,PMC9007687,PMC9064292,PMC9119859,PMC9141522,PMC9159628,PMC9204983,PMC9276046,PMC9368982,PMC9388110,PMC9396928,PMC9564091,PMC9569567,PMC9758429,PMC9859061,PMC9891933,PMC9903543,PMC9934812",,1,70,171,1,0,PMC7979882,,,,,,,,,,,,,,,,,,,,,0.9662727834991307,0.8066666666666669,0.09000000000000108,74.31363917495656
TGGACAAGAACAGCAACGAG,CCTTGACCAAGGAGCTCTCA,CEBPA,CEBPA,"C/EBP (29), Cebpa (10), CCAAT/enhancer (3), CEBPA (3), Cebpa-F (2), Q-PCR (2), mC/EBP (2), ADIPOQ (1), C/EBP- (1), C/EBPa (1), C/EBPa-F (1), C/ebp (1), C/ebp- (1), CCAAT (1), CEBP (1), Cebp (1), F-5 (1), Ho-1 (1), NM_001287514.1 (1), PPARG-R (1), The (1), hC/EBP (1), hC/EBP- (1), hCEBPA (1), human (1)","C/EBP (5), Type (2), C/EBP- (1), Cebpa (1), PTBP1 (1), Target (1), mC/EBP (1)",0.004,0.014,73,17,"PMC10003776, PMC10006843, PMC10136946, PMC10217980, PMC10273720, PMC10341373, PMC10542616, PMC10803945, PMC10816114, PMC10968156, PMC11007997, PMC11222839, PMC11254535, PMC11292260, PMC11320850, PMC11533084, PMC11595554, PMC11722594, PMC11748614, PMC11803209, PMC11842253, PMC12020305, PMC12102944, PMC1779419, PMC2528161, PMC2865165, PMC2962638, PMC2976073, PMC3509333, PMC3904083, PMC4213691, PMC4338335, PMC4366188, PMC4410681, PMC4432921, PMC4478488, PMC4628776, PMC4692214, PMC4971437, PMC5018325, PMC5823915, PMC5915190, PMC5932452, PMC6076382, PMC6152471, PMC6297775, PMC6328886, PMC6359792, PMC6396001, PMC6401824, PMC6404308, PMC6532930, PMC6681597, PMC6929371, PMC7552535, PMC7721580, PMC7746190, PMC7815687, PMC7979882, PMC8066030, PMC8071752, PMC8361256, PMC8536733, PMC8538253, PMC8698410, PMC9219514, PMC9277600, PMC9297103, PMC9407703, PMC9854541, PMC9953915","PMC11821779, PMC11960900, PMC3483309, PMC3832965, PMC5004166, PMC5363867, PMC5402942, PMC5627035, PMC5775309, PMC7379966, PMC8057619, PMC8538253, PMC8698410, PMC8742188, PMC8929050, PMC8931631, PMC9855157",59.06,59.68,50.0,55.0,681,228,71,17,962.0,1167.0,981.0,1186.0,forward,reverse_complement,2,6,4,"PMC10003776,PMC10006843,PMC10136946,PMC10217980,PMC10273720,PMC10341373,PMC10542616,PMC10803945,PMC10816114,PMC10968156,PMC11007997,PMC11222839,PMC11254535,PMC11292260,PMC11320850,PMC11533084,PMC11595554,PMC11722594,PMC11748614,PMC11803209,PMC11842253,PMC12020305,PMC12102944,PMC1779419,PMC2528161,PMC2865165,PMC2962638,PMC2976073,PMC3509333,PMC3904083,PMC4213691,PMC4366188,PMC4410681,PMC4432921,PMC4478488,PMC4628776,PMC4692214,PMC4971437,PMC5018325,PMC5823915,PMC5915190,PMC5932452,PMC6076382,PMC6152471,PMC6297775,PMC6328886,PMC6359792,PMC6396001,PMC6401824,PMC6404308,PMC6532930,PMC6681597,PMC6929371,PMC7552535,PMC7721580,PMC7746190,PMC7815687,PMC7979882,PMC8066030,PMC8071752,PMC8361256,PMC8536733,PMC8538253,PMC8698410,PMC9219514,PMC9277600,PMC9297103,PMC9407703,PMC9854541,PMC9953915",PMC4338335,"PMC11821779,PMC11960900,PMC3483309,PMC3832965,PMC5004166,PMC5363867,PMC5402942,PMC5627035,PMC5775309,PMC7379966,PMC8057619,PMC8538253,PMC8698410,PMC8742188,PMC8929050,PMC8931631,PMC9855157",,2,70,17,1,0,"PMC8538253,PMC8698410",,,,,,,,,,,,,,,,,,,,,0.8442978835294439,0.93,0.7933333333333342,85.98156084313888
TGGACAAGAACAGCAACGAG,GCTTTATCTCGGCTCTTGCG,CEBPA,CEBPA,"C/EBP (29), Cebpa (10), CCAAT/enhancer (3), CEBPA (3), Cebpa-F (2), Q-PCR (2), mC/EBP (2), ADIPOQ (1), C/EBP- (1), C/EBPa (1), C/EBPa-F (1), C/ebp (1), C/ebp- (1), CCAAT (1), CEBP (1), Cebp (1), F-5 (1), Ho-1 (1), NM_001287514.1 (1), PPARG-R (1), The (1), hC/EBP (1), hC/EBP- (1), hCEBPA (1), human (1)","C/EBP (11), Cebpa (6), C/EBP- (4), Cebp (2), mouse (2), C/ebp (1), CCAAT/enhancer (1), CEBP (1), EBP (1), EBP1a (1), Mouse (1), NM_007678 (1), Runx-2 (1), Runx2 (1)",0.004,3.5,73,36,"PMC10003776, PMC10006843, PMC10136946, PMC10217980, PMC10273720, PMC10341373, PMC10542616, PMC10803945, PMC10816114, PMC10968156, PMC11007997, PMC11222839, PMC11254535, PMC11292260, PMC11320850, PMC11533084, PMC11595554, PMC11722594, PMC11748614, PMC11803209, PMC11842253, PMC12020305, PMC12102944, PMC1779419, PMC2528161, PMC2865165, PMC2962638, PMC2976073, PMC3509333, PMC3904083, PMC4213691, PMC4338335, PMC4366188, PMC4410681, PMC4432921, PMC4478488, PMC4628776, PMC4692214, PMC4971437, PMC5018325, PMC5823915, PMC5915190, PMC5932452, PMC6076382, PMC6152471, PMC6297775, PMC6328886, PMC6359792, PMC6396001, PMC6401824, PMC6404308, PMC6532930, PMC6681597, PMC6929371, PMC7552535, PMC7721580, PMC7746190, PMC7815687, PMC7979882, PMC8066030, PMC8071752, PMC8361256, PMC8536733, PMC8538253, PMC8698410, PMC9219514, PMC9277600, PMC9297103, PMC9407703, PMC9854541, PMC9953915","PMC10253631, PMC10861344, PMC10932199, PMC11036757, PMC11722803, PMC11891402, PMC2447897, PMC2900228, PMC3505838, PMC3514219, PMC3683442, PMC4260220, PMC4451075, PMC4726074, PMC4728666, PMC5201290, PMC548146, PMC5669865, PMC5739599, PMC5924976, PMC5981620, PMC6305703, PMC6340891, PMC6562390, PMC7048378, PMC7079496, PMC7085266, PMC7146557, PMC7561405, PMC7918199, PMC8164285, PMC8228698, PMC9288680, PMC9609051, PMC9938541",59.06,60.05,50.0,55.0,681,486,71,35,962.0,1018.0,981.0,1037.0,forward,reverse_complement,2,2,5,"PMC10003776,PMC10006843,PMC10136946,PMC10217980,PMC10273720,PMC10341373,PMC10542616,PMC10803945,PMC10816114,PMC10968156,PMC11007997,PMC11222839,PMC11254535,PMC11292260,PMC11320850,PMC11533084,PMC11595554,PMC11722594,PMC11748614,PMC11803209,PMC11842253,PMC12020305,PMC12102944,PMC1779419,PMC2528161,PMC2865165,PMC2962638,PMC2976073,PMC3509333,PMC3904083,PMC4213691,PMC4366188,PMC4410681,PMC4432921,PMC4478488,PMC4628776,PMC4692214,PMC4971437,PMC5018325,PMC5823915,PMC5915190,PMC5932452,PMC6076382,PMC6152471,PMC6297775,PMC6328886,PMC6359792,PMC6396001,PMC6401824,PMC6404308,PMC6532930,PMC6681597,PMC6929371,PMC7552535,PMC7721580,PMC7746190,PMC7815687,PMC7979882,PMC8066030,PMC8071752,PMC8361256,PMC8536733,PMC8538253,PMC8698410,PMC9219514,PMC9277600,PMC9297103,PMC9407703,PMC9854541,PMC9953915",PMC4338335,,"PMC10253631,PMC10861344,PMC10932199,PMC11036757,PMC11722803,PMC11891402,PMC2447897,PMC2900228,PMC3505838,PMC3514219,PMC3683442,PMC4260220,PMC4451075,PMC4726074,PMC4728666,PMC5201290,PMC548146,PMC5669865,PMC5739599,PMC5924976,PMC5981620,PMC6305703,PMC6340891,PMC6562390,PMC7048378,PMC7079496,PMC7085266,PMC7146557,PMC7561405,PMC7918199,PMC8164285,PMC8228698,PMC9288680,PMC9609051,PMC9938541",0,70,0,1,35,,,,,,,,,,,,,,,,,,,,,,0.5470046853231043,0.9450000000000003,0.6700000000000017,69.10023426615525
TGGACAAGAACAGCAACGAG,CGGTCATTGTCACTGGTCAACT,CEBPA,CEBPA,"C/EBP (29), Cebpa (10), CCAAT/enhancer (3), CEBPA (3), Cebpa-F (2), Q-PCR (2), mC/EBP (2), ADIPOQ (1), C/EBP- (1), C/EBPa (1), C/EBPa-F (1), C/ebp (1), C/ebp- (1), CCAAT (1), CEBP (1), Cebp (1), F-5 (1), Ho-1 (1), NM_001287514.1 (1), PPARG-R (1), The (1), hC/EBP (1), hC/EBP- (1), hCEBPA (1), human (1)","C/EBP (8), Cebpa (5), CEBP (2), mouse (2), C/EBP- (1), C/ebp (1), EBP- (1), EBP1a (1), Peroxisome (1)",0.004,0.021,73,34,"PMC10003776, PMC10006843, PMC10136946, PMC10217980, PMC10273720, PMC10341373, PMC10542616, PMC10803945, PMC10816114, PMC10968156, PMC11007997, PMC11222839, PMC11254535, PMC11292260, PMC11320850, PMC11533084, PMC11595554, PMC11722594, PMC11748614, PMC11803209, PMC11842253, PMC12020305, PMC12102944, PMC1779419, PMC2528161, PMC2865165, PMC2962638, PMC2976073, PMC3509333, PMC3904083, PMC4213691, PMC4338335, PMC4366188, PMC4410681, PMC4432921, PMC4478488, PMC4628776, PMC4692214, PMC4971437, PMC5018325, PMC5823915, PMC5915190, PMC5932452, PMC6076382, PMC6152471, PMC6297775, PMC6328886, PMC6359792, PMC6396001, PMC6401824, PMC6404308, PMC6532930, PMC6681597, PMC6929371, PMC7552535, PMC7721580, PMC7746190, PMC7815687, PMC7979882, PMC8066030, PMC8071752, PMC8361256, PMC8536733, PMC8538253, PMC8698410, PMC9219514, PMC9277600, PMC9297103, PMC9407703, PMC9854541, PMC9953915","PMC10455188, PMC2790509, PMC3403644, PMC3497724, PMC3500352, PMC3630208, PMC4426667, PMC4728666, PMC4749801, PMC5113998, PMC5201290, PMC5461766, PMC5691666, PMC5854628, PMC5872621, PMC5924976, PMC6017709, PMC6073532, PMC6116159, PMC6202101, PMC6213011, PMC6340891, PMC6343767, PMC7551095, PMC7773463, PMC7953623, PMC8124068, PMC8164285, PMC8458348, PMC8492875, PMC8698494, PMC8912486, PMC9029851",59.06,61.47,50.0,50.0,681,555,71,33,962.0,1076.0,981.0,1097.0,forward,reverse_complement,2,3,5,"PMC10003776,PMC10006843,PMC10136946,PMC10217980,PMC10273720,PMC10341373,PMC10542616,PMC10803945,PMC10816114,PMC10968156,PMC11007997,PMC11222839,PMC11254535,PMC11292260,PMC11320850,PMC11533084,PMC11595554,PMC11722594,PMC11748614,PMC11803209,PMC11842253,PMC12020305,PMC12102944,PMC1779419,PMC2528161,PMC2865165,PMC2962638,PMC2976073,PMC3509333,PMC3904083,PMC4213691,PMC4366188,PMC4410681,PMC4432921,PMC4478488,PMC4628776,PMC4692214,PMC4971437,PMC5018325,PMC5823915,PMC5915190,PMC5932452,PMC6076382,PMC6152471,PMC6297775,PMC6328886,PMC6359792,PMC6396001,PMC6401824,PMC6404308,PMC6532930,PMC6681597,PMC6929371,PMC7552535,PMC7721580,PMC7746190,PMC7815687,PMC7979882,PMC8066030,PMC8071752,PMC8361256,PMC8536733,PMC8538253,PMC8698410,PMC9219514,PMC9277600,PMC9297103,PMC9407703,PMC9854541,PMC9953915",PMC4338335,"PMC10455188,PMC3403644,PMC3497724,PMC3630208,PMC4426667,PMC4728666,PMC5201290,PMC5461766,PMC5691666,PMC5854628,PMC5872621,PMC5924976,PMC6017709,PMC6073532,PMC6116159,PMC6202101,PMC6213011,PMC6340891,PMC6343767,PMC7551095,PMC7773463,PMC7953623,PMC8124068,PMC8164285,PMC8458348,PMC8492875,PMC8698494,PMC8912486,PMC9029851","PMC2790509,PMC3500352,PMC4749801,PMC5113998",0,70,29,1,4,,,,,,,,,,,,,,,,,,,,,,0.7289481346181499,0.8661111111111113,0.19666666666666777,66.36407339757419
TGGACAAGAACAGCAACGAG,TCACTGGTCAACTCCAGCAC,CEBPA,CEBPA,"C/EBP (29), Cebpa (10), CCAAT/enhancer (3), CEBPA (3), Cebpa-F (2), Q-PCR (2), mC/EBP (2), ADIPOQ (1), C/EBP- (1), C/EBPa (1), C/EBPa-F (1), C/ebp (1), C/ebp- (1), CCAAT (1), CEBP (1), Cebp (1), F-5 (1), Ho-1 (1), NM_001287514.1 (1), PPARG-R (1), The (1), hC/EBP (1), hC/EBP- (1), hCEBPA (1), human (1)","C/EBP (5), Cebpa-R (4), Cebpa (3), Adiponectin (1), C/EBPa (1), C/ebp- (1), CEBPA (1), Dio2 (1), FABP4 (1), Ho-1 (1), ID (1), R-5 (1), REAGENT (1), RUNX2 (1), mC/EBP (1)",0.004,0.87,73,32,"PMC10003776, PMC10006843, PMC10136946, PMC10217980, PMC10273720, PMC10341373, PMC10542616, PMC10803945, PMC10816114, PMC10968156, PMC11007997, PMC11222839, PMC11254535, PMC11292260, PMC11320850, PMC11533084, PMC11595554, PMC11722594, PMC11748614, PMC11803209, PMC11842253, PMC12020305, PMC12102944, PMC1779419, PMC2528161, PMC2865165, PMC2962638, PMC2976073, PMC3509333, PMC3904083, PMC4213691, PMC4338335, PMC4366188, PMC4410681, PMC4432921, PMC4478488, PMC4628776, PMC4692214, PMC4971437, PMC5018325, PMC5823915, PMC5915190, PMC5932452, PMC6076382, PMC6152471, PMC6297775, PMC6328886, PMC6359792, PMC6396001, PMC6401824, PMC6404308, PMC6532930, PMC6681597, PMC6929371, PMC7552535, PMC7721580, PMC7746190, PMC7815687, PMC7979882, PMC8066030, PMC8071752, PMC8361256, PMC8536733, PMC8538253, PMC8698410, PMC9219514, PMC9277600, PMC9297103, PMC9407703, PMC9854541, PMC9953915","PMC10217980, PMC10542616, PMC10803945, PMC10816114, PMC10950319, PMC10968156, PMC10974239, PMC11222839, PMC11292260, PMC11533084, PMC11595554, PMC11748614, PMC11803209, PMC4418761, PMC4777376, PMC5752497, PMC5823915, PMC5932452, PMC6401824, PMC6404308, PMC6532930, PMC6764825, PMC6999844, PMC7721580, PMC7746190, PMC8071752, PMC8536733, PMC9219514, PMC9277600, PMC9297103, PMC9854541, PMC9941494",59.06,60.55,50.0,55.0,681,217,71,32,962.0,1069.0,981.0,1088.0,forward,reverse_complement,2,4,4,"PMC10003776,PMC10006843,PMC10136946,PMC10217980,PMC10273720,PMC10341373,PMC10542616,PMC10803945,PMC10816114,PMC10968156,PMC11007997,PMC11222839,PMC11254535,PMC11292260,PMC11320850,PMC11533084,PMC11595554,PMC11722594,PMC11748614,PMC11803209,PMC11842253,PMC12020305,PMC12102944,PMC1779419,PMC2528161,PMC2865165,PMC2962638,PMC2976073,PMC3509333,PMC3904083,PMC4213691,PMC4366188,PMC4410681,PMC4432921,PMC4478488,PMC4628776,PMC4692214,PMC4971437,PMC5018325,PMC5823915,PMC5915190,PMC5932452,PMC6076382,PMC6152471,PMC6297775,PMC6328886,PMC6359792,PMC6396001,PMC6401824,PMC6404308,PMC6532930,PMC6681597,PMC6929371,PMC7552535,PMC7721580,PMC7746190,PMC7815687,PMC7979882,PMC8066030,PMC8071752,PMC8361256,PMC8536733,PMC8538253,PMC8698410,PMC9219514,PMC9277600,PMC9297103,PMC9407703,PMC9854541,PMC9953915",PMC4338335,"PMC10217980,PMC10542616,PMC10803945,PMC10816114,PMC10950319,PMC10968156,PMC10974239,PMC11222839,PMC11292260,PMC11533084,PMC11595554,PMC11748614,PMC11803209,PMC4418761,PMC4777376,PMC5752497,PMC5823915,PMC5932452,PMC6401824,PMC6404308,PMC6532930,PMC6764825,PMC6999844,PMC7721580,PMC7746190,PMC8071752,PMC8536733,PMC9219514,PMC9277600,PMC9297103,PMC9854541,PMC9941494",,24,70,32,1,0,"PMC10217980,PMC10542616,PMC10803945,PMC10816114,PMC10968156,PMC11222839,PMC11292260,PMC11533084,PMC11595554,PMC11748614,PMC11803209,PMC5823915,PMC5932452,PMC6401824,PMC6404308,PMC6532930,PMC7721580,PMC7746190,PMC8071752,PMC8536733,PMC9219514,PMC9277600,PMC9297103,PMC9854541",,,,,,,,,,,,,,,,,,,,,1.0,0.9172222222222225,0.503333333333335,87.58333333333339
TGGACAAGAACAGCAACGAG,GCGGTCATTGTCACTGGTC,CEBPA,CEBPA,"C/EBP (29), Cebpa (10), CCAAT/enhancer (3), CEBPA (3), Cebpa-F (2), Q-PCR (2), mC/EBP (2), ADIPOQ (1), C/EBP- (1), C/EBPa (1), C/EBPa-F (1), C/ebp (1), C/ebp- (1), CCAAT (1), CEBP (1), Cebp (1), F-5 (1), Ho-1 (1), NM_001287514.1 (1), PPARG-R (1), The (1), hC/EBP (1), hC/EBP- (1), hCEBPA (1), human (1)","Cebpa (6), C/EBP (4), Cebpb (2), C/EBPa (1), C/ebp (1), CEBP (1), Gapdh (1), Mpo-F (1), mC/EBP (1), mCebpa (1), qP-mmu-Cebpa-R (1)",0.004,0.011,73,24,"PMC10003776, PMC10006843, PMC10136946, PMC10217980, PMC10273720, PMC10341373, PMC10542616, PMC10803945, PMC10816114, PMC10968156, PMC11007997, PMC11222839, PMC11254535, PMC11292260, PMC11320850, PMC11533084, PMC11595554, PMC11722594, PMC11748614, PMC11803209, PMC11842253, PMC12020305, PMC12102944, PMC1779419, PMC2528161, PMC2865165, PMC2962638, PMC2976073, PMC3509333, PMC3904083, PMC4213691, PMC4338335, PMC4366188, PMC4410681, PMC4432921, PMC4478488, PMC4628776, PMC4692214, PMC4971437, PMC5018325, PMC5823915, PMC5915190, PMC5932452, PMC6076382, PMC6152471, PMC6297775, PMC6328886, PMC6359792, PMC6396001, PMC6401824, PMC6404308, PMC6532930, PMC6681597, PMC6929371, PMC7552535, PMC7721580, PMC7746190, PMC7815687, PMC7979882, PMC8066030, PMC8071752, PMC8361256, PMC8536733, PMC8538253, PMC8698410, PMC9219514, PMC9277600, PMC9297103, PMC9407703, PMC9854541, PMC9953915","PMC10816192, PMC11079528, PMC11237897, PMC11533084, PMC11538663, PMC12054994, PMC3552813, PMC3655946, PMC3656108, PMC3911986, PMC4821645, PMC5059750, PMC5394236, PMC5640231, PMC5821036, PMC5821952, PMC5872749, PMC5943410, PMC6049513, PMC7757854, PMC7851876, PMC8505974, PMC9598147",59.06,59.47,50.0,57.9,681,294,71,23,962.0,1080.0,981.0,1098.0,forward,reverse_complement,2,2,5,"PMC10003776,PMC10006843,PMC10136946,PMC10217980,PMC10273720,PMC10341373,PMC10542616,PMC10803945,PMC10816114,PMC10968156,PMC11007997,PMC11222839,PMC11254535,PMC11292260,PMC11320850,PMC11533084,PMC11595554,PMC11722594,PMC11748614,PMC11803209,PMC11842253,PMC12020305,PMC12102944,PMC1779419,PMC2528161,PMC2865165,PMC2962638,PMC2976073,PMC3509333,PMC3904083,PMC4213691,PMC4366188,PMC4410681,PMC4432921,PMC4478488,PMC4628776,PMC4692214,PMC4971437,PMC5018325,PMC5823915,PMC5915190,PMC5932452,PMC6076382,PMC6152471,PMC6297775,PMC6328886,PMC6359792,PMC6396001,PMC6401824,PMC6404308,PMC6532930,PMC6681597,PMC6929371,PMC7552535,PMC7721580,PMC7746190,PMC7815687,PMC7979882,PMC8066030,PMC8071752,PMC8361256,PMC8536733,PMC8538253,PMC8698410,PMC9219514,PMC9277600,PMC9297103,PMC9407703,PMC9854541,PMC9953915",PMC4338335,"PMC10816192,PMC11079528,PMC11237897,PMC11533084,PMC11538663,PMC12054994,PMC3552813,PMC3655946,PMC3656108,PMC3911986,PMC4821645,PMC5059750,PMC5394236,PMC5640231,PMC5821036,PMC5821952,PMC5872749,PMC5943410,PMC6049513,PMC7757854,PMC7851876,PMC8505974,PMC9598147",,1,70,23,1,0,PMC11533084,,,,,,,,,,,,,,,,,,,,,0.8092264192782728,0.8766666666666667,0.8633333333333345,84.02798763058033
TGGACAAGAACAGCAACGAG,TCTCCACGTTGCGTTGTTT,CEBPA,CEBPA,"C/EBP (29), Cebpa (10), CCAAT/enhancer (3), CEBPA (3), Cebpa-F (2), Q-PCR (2), mC/EBP (2), ADIPOQ (1), C/EBP- (1), C/EBPa (1), C/EBPa-F (1), C/ebp (1), C/ebp- (1), CCAAT (1), CEBP (1), Cebp (1), F-5 (1), Ho-1 (1), NM_001287514.1 (1), PPARG-R (1), The (1), hC/EBP (1), hC/EBP- (1), hCEBPA (1), human (1)","Cebpa (8), C/EBP (4), C/EBPa (1), C/ebp (1), CEBP (1), Gapdh (1), Ly6d-R (1), mC/EBP (1), mCebpa (1), qP-mmu-Cebpa-F (1)",0.004,40.0,73,22,"PMC10003776, PMC10006843, PMC10136946, PMC10217980, PMC10273720, PMC10341373, PMC10542616, PMC10803945, PMC10816114, PMC10968156, PMC11007997, PMC11222839, PMC11254535, PMC11292260, PMC11320850, PMC11533084, PMC11595554, PMC11722594, PMC11748614, PMC11803209, PMC11842253, PMC12020305, PMC12102944, PMC1779419, PMC2528161, PMC2865165, PMC2962638, PMC2976073, PMC3509333, PMC3904083, PMC4213691, PMC4338335, PMC4366188, PMC4410681, PMC4432921, PMC4478488, PMC4628776, PMC4692214, PMC4971437, PMC5018325, PMC5823915, PMC5915190, PMC5932452, PMC6076382, PMC6152471, PMC6297775, PMC6328886, PMC6359792, PMC6396001, PMC6401824, PMC6404308, PMC6532930, PMC6681597, PMC6929371, PMC7552535, PMC7721580, PMC7746190, PMC7815687, PMC7979882, PMC8066030, PMC8071752, PMC8361256, PMC8536733, PMC8538253, PMC8698410, PMC9219514, PMC9277600, PMC9297103, PMC9407703, PMC9854541, PMC9953915","PMC10816192, PMC11079528, PMC11237897, PMC11533084, PMC11538663, PMC3655946, PMC3656108, PMC3911986, PMC4821645, PMC5059750, PMC5394236, PMC5640231, PMC5821036, PMC5821952, PMC5872749, PMC6049513, PMC7757854, PMC7851876, PMC8257693, PMC8505974, PMC9598147",59.06,58.87,50.0,47.4,681,229,71,21,962.0,1039.0,981.0,1057.0,forward,reverse_complement,2,4,6,"PMC10003776,PMC10006843,PMC10136946,PMC10217980,PMC10273720,PMC10341373,PMC10542616,PMC10803945,PMC10816114,PMC10968156,PMC11007997,PMC11222839,PMC11254535,PMC11292260,PMC11320850,PMC11533084,PMC11595554,PMC11722594,PMC11748614,PMC11803209,PMC11842253,PMC12020305,PMC12102944,PMC1779419,PMC2528161,PMC2865165,PMC2962638,PMC2976073,PMC3509333,PMC3904083,PMC4213691,PMC4366188,PMC4410681,PMC4432921,PMC4478488,PMC4628776,PMC4692214,PMC4971437,PMC5018325,PMC5823915,PMC5915190,PMC5932452,PMC6076382,PMC6152471,PMC6297775,PMC6328886,PMC6359792,PMC6396001,PMC6401824,PMC6404308,PMC6532930,PMC6681597,PMC6929371,PMC7552535,PMC7721580,PMC7746190,PMC7815687,PMC7979882,PMC8066030,PMC8071752,PMC8361256,PMC8536733,PMC8538253,PMC8698410,PMC9219514,PMC9277600,PMC9297103,PMC9407703,PMC9854541,PMC9953915",PMC4338335,,"PMC10816192,PMC11079528,PMC11237897,PMC11533084,PMC11538663,PMC3655946,PMC3656108,PMC3911986,PMC4821645,PMC5059750,PMC5394236,PMC5640231,PMC5821036,PMC5821952,PMC5872749,PMC6049513,PMC7757854,PMC7851876,PMC8257693,PMC8505974,PMC9598147",0,70,0,1,21,,,,,,,,,,,,,,,,,,,,,,0.0,0.0,0.0,0.0
TTACAACAGGCCAGGTTTCC,CTCTGGGATGGATCGATTGT,CEBPA,CEBPA,"C/EBP (13), EBP- (5), Cebpa (4), C/ebp (2), Cebp (2), EBP (2), AGGAGGAAGATACA-3 (1), CBP (1), CCAAT (1), Control (1), FABP4 (1), FAS (1), GAPDH (1), LPL (1), U75581 (1), mCEBP (1)","Cebpa (4), EBP- (4), Cebp (1), FABP4 (1), FAS (1), Gene (1), PPAR- (1), Pparg (1)",0.056,3.5,43,19,"PMC10179087, PMC10384140, PMC11239423, PMC11728925, PMC11867264, PMC2654925, PMC3093658, PMC3542373, PMC3679323, PMC3712078, PMC3723699, PMC3823124, PMC4112219, PMC4152150, PMC4186852, PMC4369894, PMC4686093, PMC4686102, PMC4847245, PMC5261006, PMC5459503, PMC5489751, PMC5490533, PMC5666747, PMC5785540, PMC5796040, PMC5867077, PMC6230400, PMC6471428, PMC6571603, PMC6593480, PMC7031749, PMC7353287, PMC7400830, PMC7589720, PMC7762257, PMC8565208, PMC9138837, PMC9268393, PMC9774531, PMC9868538","PMC10179087, PMC11867264, PMC2654925, PMC3093658, PMC3542373, PMC3712078, PMC3823124, PMC4111738, PMC4112219, PMC4186852, PMC4369894, PMC5459503, PMC5490614, PMC5666747, PMC5785540, PMC6001355, PMC8328820",58.67,57.44,50.0,50.0,672,465,41,17,1830.0,2042.0,1849.0,2061.0,forward,reverse_complement,4,6,4,"PMC10179087,PMC10384140,PMC11239423,PMC11728925,PMC11867264,PMC2654925,PMC3093658,PMC3542373,PMC3679323,PMC3712078,PMC3723699,PMC3823124,PMC4112219,PMC4152150,PMC4186852,PMC4369894,PMC4686102,PMC4847245,PMC5459503,PMC5489751,PMC5490533,PMC5666747,PMC5785540,PMC5796040,PMC5867077,PMC6471428,PMC6571603,PMC6593480,PMC7031749,PMC7353287,PMC7400830,PMC7589720,PMC7762257,PMC8565208,PMC9138837,PMC9268393,PMC9774531,PMC9868538","PMC4686093,PMC5261006,PMC6230400","PMC10179087,PMC11867264,PMC2654925,PMC3093658,PMC3542373,PMC3712078,PMC3823124,PMC4111738,PMC4112219,PMC4186852,PMC4369894,PMC5459503,PMC5490614,PMC5666747,PMC5785540,PMC6001355,PMC8328820",,13,38,17,3,0,"PMC10179087,PMC11867264,PMC2654925,PMC3093658,PMC3542373,PMC3712078,PMC3823124,PMC4112219,PMC4186852,PMC4369894,PMC5459503,PMC5666747,PMC5785540",,,,,,,,,,,,,,,,,,,,,1.0,0.783888888888889,0.5899999999999987,85.31666666666665
TGGACAAGAACAGCAACGAGTAC,GTCACTGGTCAACTCCAGCAC,CEBPA,CEBPA,"C/EBP (17), C/EBP- (3), Cebpa (3), BC016892 (1), CEBP (1), EBP (1), GAPDH (1)","C/EBP (42), Cebpa (20), C/ebp (8), Gene (8), CEBP- (4), CEBP (3), CEBPA (3), Cebpa-R (3), Mouse (3), C/EBP- (2), Col1a1 (2), The (2), Adiponectin (1), Adipoq (1), Atgl (1), C/EBPa (1), C/Ebp (1), C/ebp-alpha (1), C/ebpa (1), CCAAT (1), CEBPA-R (1), Cebp (1), Cebp- (1), Cebp-a (1), Cebpa-Reverse (1), Cebpa-r (1), Cebpb (1), EBP (1), EBP-a (1), FABP4 (1), FAS (1), Fas (1), House (1), Il1b (1), Lpl (1), Ndfvu1 (1), Rage (1), Real-time (1), Relative (1), SREBP-1C (1), SREBP1 (1), Species (1), WQ0902 (1), cEbpa (1), m-C/EBP (1), m-Cebpa (1), m-Cebpa-R (1), mC/EBP (1), mCebp (1), mouse (1)",8.72e-05,0.28,30,180,"PMC10148135, PMC10202359, PMC10244460, PMC10492229, PMC10694414, PMC3751477, PMC4064515, PMC5461766, PMC5579511, PMC6116159, PMC6165361, PMC6202101, PMC6343767, PMC6566507, PMC6680547, PMC6770084, PMC6770140, PMC6835433, PMC7455952, PMC7494803, PMC7551095, PMC7773463, PMC7852154, PMC8698494, PMC8880371, PMC9029851, PMC9467908","PMC10002255, PMC10045306, PMC10071966, PMC10152707, PMC10238510, PMC10250279, PMC10338905, PMC10457376, PMC10544195, PMC10584668, PMC10704432, PMC10708053, PMC10743546, PMC10800963, PMC10813623, PMC10827583, PMC10878150, PMC10887656, PMC10915961, PMC10936103, PMC11022325, PMC11056635, PMC11063945, PMC11088909, PMC11184087, PMC11234208, PMC11266878, PMC11294031, PMC11332326, PMC11335296, PMC11401225, PMC11458772, PMC11655665, PMC11748973, PMC11774659, PMC11848481, PMC11916988, PMC11936742, PMC11957453, PMC11964444, PMC11986517, PMC11992250, PMC11999940, PMC12001421, PMC12020889, PMC12024758, PMC12048464, PMC12056170, PMC1796876, PMC2933655, PMC2987584, PMC3179551, PMC3196114, PMC3377726, PMC3529640, PMC3623555, PMC3735638, PMC3835255, PMC3852222, PMC3975077, PMC3979956, PMC4062480, PMC4070320, PMC4084855, PMC4210202, PMC4415922, PMC4455245, PMC4481462, PMC4552947, PMC4745345, PMC4808799, PMC4880908, PMC4978386, PMC5017575, PMC5042499, PMC5143777, PMC5217231, PMC5220372, PMC5309696, PMC5335663, PMC5444017, PMC5472651, PMC5551894, PMC5676986, PMC5686073, PMC5691754, PMC5706914, PMC5852494, PMC5852707, PMC5935725, PMC5945780, PMC5964050, PMC6018498, PMC6053744, PMC6054613, PMC6128224, PMC6167054, PMC6203291, PMC6224457, PMC6317813, PMC6356276, PMC6370809, PMC6528359, PMC6610100, PMC6689118, PMC6787563, PMC6804931, PMC6826327, PMC6832161, PMC6875017, PMC6885157, PMC6885226, PMC6907247, PMC6972779, PMC7017059, PMC7071193, PMC7113529, PMC7179127, PMC7220380, PMC7238871, PMC7378905, PMC7385159, PMC7471457, PMC7602835, PMC7722719, PMC7723938, PMC7760913, PMC7829987, PMC7866615, PMC7889436, PMC7979882, PMC7997658, PMC8025837, PMC8075002, PMC8115553, PMC8217766, PMC8282249, PMC8289825, PMC8447755, PMC8508536, PMC8527580, PMC8608845, PMC8654480, PMC8666036, PMC8705906, PMC8728525, PMC8781062, PMC8809606, PMC8820077, PMC8866150, PMC8867119, PMC8903613, PMC8929042, PMC8974137, PMC9007687, PMC9064292, PMC9119859, PMC9141522, PMC9159628, PMC9204983, PMC9276046, PMC9368982, PMC9388110, PMC9396928, PMC9564091, PMC9569567, PMC9758429, PMC9859061, PMC9891933, PMC9903543, PMC9934812",61.7,61.79,47.8,57.1,311,3605,27,171,962.0,1069.0,984.0,1089.0,forward,reverse_complement,4,4,4,"PMC10148135,PMC10202359,PMC10244460,PMC10492229,PMC10694414,PMC3751477,PMC4064515,PMC5461766,PMC5579511,PMC6116159,PMC6165361,PMC6202101,PMC6343767,PMC6566507,PMC6680547,PMC6770084,PMC6770140,PMC6835433,PMC7455952,PMC7494803,PMC7551095,PMC7773463,PMC7852154,PMC8698494,PMC8880371,PMC9029851,PMC9467908",,"PMC10002255,PMC10045306,PMC10071966,PMC10152707,PMC10238510,PMC10250279,PMC10338905,PMC10457376,PMC10544195,PMC10584668,PMC10704432,PMC10708053,PMC10743546,PMC10800963,PMC10813623,PMC10827583,PMC10878150,PMC10887656,PMC10915961,PMC10936103,PMC11022325,PMC11056635,PMC11063945,PMC11088909,PMC11184087,PMC11234208,PMC11266878,PMC11294031,PMC11332326,PMC11335296,PMC11401225,PMC11458772,PMC11655665,PMC11748973,PMC11774659,PMC11848481,PMC11916988,PMC11936742,PMC11957453,PMC11964444,PMC11986517,PMC11992250,PMC11999940,PMC12001421,PMC12020889,PMC12024758,PMC12048464,PMC12056170,PMC1796876,PMC2933655,PMC2987584,PMC3179551,PMC3196114,PMC3377726,PMC3529640,PMC3623555,PMC3735638,PMC3835255,PMC3852222,PMC3975077,PMC3979956,PMC4062480,PMC4070320,PMC4084855,PMC4210202,PMC4415922,PMC4455245,PMC4481462,PMC4552947,PMC4745345,PMC4808799,PMC4880908,PMC4978386,PMC5017575,PMC5042499,PMC5143777,PMC5217231,PMC5220372,PMC5309696,PMC5335663,PMC5444017,PMC5472651,PMC5551894,PMC5676986,PMC5686073,PMC5691754,PMC5706914,PMC5852494,PMC5852707,PMC5935725,PMC5945780,PMC5964050,PMC6018498,PMC6053744,PMC6054613,PMC6128224,PMC6167054,PMC6203291,PMC6224457,PMC6317813,PMC6356276,PMC6370809,PMC6528359,PMC6610100,PMC6689118,PMC6787563,PMC6804931,PMC6826327,PMC6832161,PMC6875017,PMC6885157,PMC6885226,PMC6907247,PMC6972779,PMC7017059,PMC7071193,PMC7113529,PMC7179127,PMC7220380,PMC7238871,PMC7378905,PMC7385159,PMC7471457,PMC7602835,PMC7722719,PMC7723938,PMC7760913,PMC7829987,PMC7866615,PMC7889436,PMC7979882,PMC7997658,PMC8025837,PMC8075002,PMC8115553,PMC8217766,PMC8282249,PMC8289825,PMC8447755,PMC8508536,PMC8527580,PMC8608845,PMC8654480,PMC8666036,PMC8705906,PMC8728525,PMC8781062,PMC8809606,PMC8820077,PMC8866150,PMC8867119,PMC8903613,PMC8929042,PMC8974137,PMC9007687,PMC9064292,PMC9119859,PMC9141522,PMC9159628,PMC9204983,PMC9276046,PMC9368982,PMC9388110,PMC9396928,PMC9564091,PMC9569567,PMC9758429,PMC9859061,PMC9891933,PMC9903543,PMC9934812",,0,27,171,0,0,,,,,,,,,,,,,,,,,,,,,,0.7715147236417341,0.7644444444444444,0.9700000000000012,80.90906951542006
TGGACAAGAACAGCAACGAGTAC,CCTTGACCAAGGAGCTCTCA,CEBPA,CEBPA,"C/EBP (17), C/EBP- (3), Cebpa (3), BC016892 (1), CEBP (1), EBP (1), GAPDH (1)","C/EBP (5), Type (2), C/EBP- (1), Cebpa (1), PTBP1 (1), Target (1), mC/EBP (1)",8.72e-05,0.014,30,17,"PMC10148135, PMC10202359, PMC10244460, PMC10492229, PMC10694414, PMC3751477, PMC4064515, PMC5461766, PMC5579511, PMC6116159, PMC6165361, PMC6202101, PMC6343767, PMC6566507, PMC6680547, PMC6770084, PMC6770140, PMC6835433, PMC7455952, PMC7494803, PMC7551095, PMC7773463, PMC7852154, PMC8698494, PMC8880371, PMC9029851, PMC9467908","PMC11821779, PMC11960900, PMC3483309, PMC3832965, PMC5004166, PMC5363867, PMC5402942, PMC5627035, PMC5775309, PMC7379966, PMC8057619, PMC8538253, PMC8698410, PMC8742188, PMC8929050, PMC8931631, PMC9855157",61.7,59.68,47.8,55.0,311,228,27,17,962.0,1167.0,984.0,1186.0,forward,reverse_complement,4,6,4,"PMC10148135,PMC10202359,PMC10244460,PMC10492229,PMC10694414,PMC3751477,PMC4064515,PMC5461766,PMC5579511,PMC6116159,PMC6165361,PMC6202101,PMC6343767,PMC6566507,PMC6680547,PMC6770084,PMC6770140,PMC6835433,PMC7455952,PMC7494803,PMC7551095,PMC7773463,PMC7852154,PMC8698494,PMC8880371,PMC9029851,PMC9467908",,"PMC11821779,PMC11960900,PMC3483309,PMC3832965,PMC5004166,PMC5363867,PMC5402942,PMC5627035,PMC5775309,PMC7379966,PMC8057619,PMC8538253,PMC8698410,PMC8742188,PMC8929050,PMC8931631,PMC9855157",,0,27,17,0,0,,,,,,,,,,,,,,,,,,,,,,0.587315591919481,0.8877777777777776,0.32666666666666566,62.53244626264068
TGGACAAGAACAGCAACGAGTAC,GCTTTATCTCGGCTCTTGCG,CEBPA,CEBPA,"C/EBP (17), C/EBP- (3), Cebpa (3), BC016892 (1), CEBP (1), EBP (1), GAPDH (1)","C/EBP (11), Cebpa (6), C/EBP- (4), Cebp (2), mouse (2), C/ebp (1), CCAAT/enhancer (1), CEBP (1), EBP (1), EBP1a (1), Mouse (1), NM_007678 (1), Runx-2 (1), Runx2 (1)",8.72e-05,3.5,30,36,"PMC10148135, PMC10202359, PMC10244460, PMC10492229, PMC10694414, PMC3751477, PMC4064515, PMC5461766, PMC5579511, PMC6116159, PMC6165361, PMC6202101, PMC6343767, PMC6566507, PMC6680547, PMC6770084, PMC6770140, PMC6835433, PMC7455952, PMC7494803, PMC7551095, PMC7773463, PMC7852154, PMC8698494, PMC8880371, PMC9029851, PMC9467908","PMC10253631, PMC10861344, PMC10932199, PMC11036757, PMC11722803, PMC11891402, PMC2447897, PMC2900228, PMC3505838, PMC3514219, PMC3683442, PMC4260220, PMC4451075, PMC4726074, PMC4728666, PMC5201290, PMC548146, PMC5669865, PMC5739599, PMC5924976, PMC5981620, PMC6305703, PMC6340891, PMC6562390, PMC7048378, PMC7079496, PMC7085266, PMC7146557, PMC7561405, PMC7918199, PMC8164285, PMC8228698, PMC9288680, PMC9609051, PMC9938541",61.7,60.05,47.8,55.0,311,486,27,35,962.0,1018.0,984.0,1037.0,forward,reverse_complement,4,2,5,"PMC10148135,PMC10202359,PMC10244460,PMC10492229,PMC10694414,PMC3751477,PMC4064515,PMC5461766,PMC5579511,PMC6116159,PMC6165361,PMC6202101,PMC6343767,PMC6566507,PMC6680547,PMC6770084,PMC6770140,PMC6835433,PMC7455952,PMC7494803,PMC7551095,PMC7773463,PMC7852154,PMC8698494,PMC8880371,PMC9029851,PMC9467908",,,"PMC10253631,PMC10861344,PMC10932199,PMC11036757,PMC11722803,PMC11891402,PMC2447897,PMC2900228,PMC3505838,PMC3514219,PMC3683442,PMC4260220,PMC4451075,PMC4726074,PMC4728666,PMC5201290,PMC548146,PMC5669865,PMC5739599,PMC5924976,PMC5981620,PMC6305703,PMC6340891,PMC6562390,PMC7048378,PMC7079496,PMC7085266,PMC7146557,PMC7561405,PMC7918199,PMC8164285,PMC8228698,PMC9288680,PMC9609051,PMC9938541",0,27,0,0,35,,,,,,,,,,,,,,,,,,,,,,0.4586196522423892,0.9027777777777778,0.44999999999999807,59.01431594545276
TGGACAAGAACAGCAACGAGTAC,CGGTCATTGTCACTGGTCAACT,CEBPA,CEBPA,"C/EBP (17), C/EBP- (3), Cebpa (3), BC016892 (1), CEBP (1), EBP (1), GAPDH (1)","C/EBP (8), Cebpa (5), CEBP (2), mouse (2), C/EBP- (1), C/ebp (1), EBP- (1), EBP1a (1), Peroxisome (1)",8.72e-05,0.021,30,34,"PMC10148135, PMC10202359, PMC10244460, PMC10492229, PMC10694414, PMC3751477, PMC4064515, PMC5461766, PMC5579511, PMC6116159, PMC6165361, PMC6202101, PMC6343767, PMC6566507, PMC6680547, PMC6770084, PMC6770140, PMC6835433, PMC7455952, PMC7494803, PMC7551095, PMC7773463, PMC7852154, PMC8698494, PMC8880371, PMC9029851, PMC9467908","PMC10455188, PMC2790509, PMC3403644, PMC3497724, PMC3500352, PMC3630208, PMC4426667, PMC4728666, PMC4749801, PMC5113998, PMC5201290, PMC5461766, PMC5691666, PMC5854628, PMC5872621, PMC5924976, PMC6017709, PMC6073532, PMC6116159, PMC6202101, PMC6213011, PMC6340891, PMC6343767, PMC7551095, PMC7773463, PMC7953623, PMC8124068, PMC8164285, PMC8458348, PMC8492875, PMC8698494, PMC8912486, PMC9029851",61.7,61.47,47.8,50.0,311,555,27,33,962.0,1076.0,984.0,1097.0,forward,reverse_complement,4,3,5,"PMC10148135,PMC10202359,PMC10244460,PMC10492229,PMC10694414,PMC3751477,PMC4064515,PMC5461766,PMC5579511,PMC6116159,PMC6165361,PMC6202101,PMC6343767,PMC6566507,PMC6680547,PMC6770084,PMC6770140,PMC6835433,PMC7455952,PMC7494803,PMC7551095,PMC7773463,PMC7852154,PMC8698494,PMC8880371,PMC9029851,PMC9467908",,"PMC10455188,PMC3403644,PMC3497724,PMC3630208,PMC4426667,PMC4728666,PMC5201290,PMC5461766,PMC5691666,PMC5854628,PMC5872621,PMC5924976,PMC6017709,PMC6073532,PMC6116159,PMC6202101,PMC6213011,PMC6340891,PMC6343767,PMC7551095,PMC7773463,PMC7953623,PMC8124068,PMC8164285,PMC8458348,PMC8492875,PMC8698494,PMC8912486,PMC9029851","PMC2790509,PMC3500352,PMC4749801,PMC5113998",8,27,29,0,4,"PMC5461766,PMC6116159,PMC6202101,PMC6343767,PMC7551095,PMC7773463,PMC8698494,PMC9029851",,,,,,,,,,,,,,,,,,,,,0.9777576185959302,0.8238888888888889,0.923333333333332,92.07121426312982
TGGACAAGAACAGCAACGAGTAC,TCACTGGTCAACTCCAGCAC,CEBPA,CEBPA,"C/EBP (17), C/EBP- (3), Cebpa (3), BC016892 (1), CEBP (1), EBP (1), GAPDH (1)","C/EBP (5), Cebpa-R (4), Cebpa (3), Adiponectin (1), C/EBPa (1), C/ebp- (1), CEBPA (1), Dio2 (1), FABP4 (1), Ho-1 (1), ID (1), R-5 (1), REAGENT (1), RUNX2 (1), mC/EBP (1)",8.72e-05,0.87,30,32,"PMC10148135, PMC10202359, PMC10244460, PMC10492229, PMC10694414, PMC3751477, PMC4064515, PMC5461766, PMC5579511, PMC6116159, PMC6165361, PMC6202101, PMC6343767, PMC6566507, PMC6680547, PMC6770084, PMC6770140, PMC6835433, PMC7455952, PMC7494803, PMC7551095, PMC7773463, PMC7852154, PMC8698494, PMC8880371, PMC9029851, PMC9467908","PMC10217980, PMC10542616, PMC10803945, PMC10816114, PMC10950319, PMC10968156, PMC10974239, PMC11222839, PMC11292260, PMC11533084, PMC11595554, PMC11748614, PMC11803209, PMC4418761, PMC4777376, PMC5752497, PMC5823915, PMC5932452, PMC6401824, PMC6404308, PMC6532930, PMC6764825, PMC6999844, PMC7721580, PMC7746190, PMC8071752, PMC8536733, PMC9219514, PMC9277600, PMC9297103, PMC9854541, PMC9941494",61.7,60.55,47.8,55.0,311,217,27,32,962.0,1069.0,984.0,1088.0,forward,reverse_complement,4,4,4,"PMC10148135,PMC10202359,PMC10244460,PMC10492229,PMC10694414,PMC3751477,PMC4064515,PMC5461766,PMC5579511,PMC6116159,PMC6165361,PMC6202101,PMC6343767,PMC6566507,PMC6680547,PMC6770084,PMC6770140,PMC6835433,PMC7455952,PMC7494803,PMC7551095,PMC7773463,PMC7852154,PMC8698494,PMC8880371,PMC9029851,PMC9467908",,"PMC10217980,PMC10542616,PMC10803945,PMC10816114,PMC10950319,PMC10968156,PMC10974239,PMC11222839,PMC11292260,PMC11533084,PMC11595554,PMC11748614,PMC11803209,PMC4418761,PMC4777376,PMC5752497,PMC5823915,PMC5932452,PMC6401824,PMC6404308,PMC6532930,PMC6764825,PMC6999844,PMC7721580,PMC7746190,PMC8071752,PMC8536733,PMC9219514,PMC9277600,PMC9297103,PMC9854541,PMC9941494",,0,27,32,0,0,,,,,,,,,,,,,,,,,,,,,,0.6445254987042519,0.875,0.6166666666666647,70.80960826854589
TGGACAAGAACAGCAACGAGTAC,GCGGTCATTGTCACTGGTC,CEBPA,CEBPA,"C/EBP (17), C/EBP- (3), Cebpa (3), BC016892 (1), CEBP (1), EBP (1), GAPDH (1)","Cebpa (6), C/EBP (4), Cebpb (2), C/EBPa (1), C/ebp (1), CEBP (1), Gapdh (1), Mpo-F (1), mC/EBP (1), mCebpa (1), qP-mmu-Cebpa-R (1)",8.72e-05,0.011,30,24,"PMC10148135, PMC10202359, PMC10244460, PMC10492229, PMC10694414, PMC3751477, PMC4064515, PMC5461766, PMC5579511, PMC6116159, PMC6165361, PMC6202101, PMC6343767, PMC6566507, PMC6680547, PMC6770084, PMC6770140, PMC6835433, PMC7455952, PMC7494803, PMC7551095, PMC7773463, PMC7852154, PMC8698494, PMC8880371, PMC9029851, PMC9467908","PMC10816192, PMC11079528, PMC11237897, PMC11533084, PMC11538663, PMC12054994, PMC3552813, PMC3655946, PMC3656108, PMC3911986, PMC4821645, PMC5059750, PMC5394236, PMC5640231, PMC5821036, PMC5821952, PMC5872749, PMC5943410, PMC6049513, PMC7757854, PMC7851876, PMC8505974, PMC9598147",61.7,59.47,47.8,57.9,311,294,27,23,962.0,1080.0,984.0,1098.0,forward,reverse_complement,4,2,5,"PMC10148135,PMC10202359,PMC10244460,PMC10492229,PMC10694414,PMC3751477,PMC4064515,PMC5461766,PMC5579511,PMC6116159,PMC6165361,PMC6202101,PMC6343767,PMC6566507,PMC6680547,PMC6770084,PMC6770140,PMC6835433,PMC7455952,PMC7494803,PMC7551095,PMC7773463,PMC7852154,PMC8698494,PMC8880371,PMC9029851,PMC9467908",,"PMC10816192,PMC11079528,PMC11237897,PMC11533084,PMC11538663,PMC12054994,PMC3552813,PMC3655946,PMC3656108,PMC3911986,PMC4821645,PMC5059750,PMC5394236,PMC5640231,PMC5821036,PMC5821952,PMC5872749,PMC5943410,PMC6049513,PMC7757854,PMC7851876,PMC8505974,PMC9598147",,0,27,23,0,0,,,,,,,,,,,,,,,,,,,,,,0.6144683594208762,0.8344444444444442,0.2566666666666654,60.89008463771045
TGGACAAGAACAGCAACGAGTAC,TCTCCACGTTGCGTTGTTT,CEBPA,CEBPA,"C/EBP (17), C/EBP- (3), Cebpa (3), BC016892 (1), CEBP (1), EBP (1), GAPDH (1)","Cebpa (8), C/EBP (4), C/EBPa (1), C/ebp (1), CEBP (1), Gapdh (1), Ly6d-R (1), mC/EBP (1), mCebpa (1), qP-mmu-Cebpa-F (1)",8.72e-05,40.0,30,22,"PMC10148135, PMC10202359, PMC10244460, PMC10492229, PMC10694414, PMC3751477, PMC4064515, PMC5461766, PMC5579511, PMC6116159, PMC6165361, PMC6202101, PMC6343767, PMC6566507, PMC6680547, PMC6770084, PMC6770140, PMC6835433, PMC7455952, PMC7494803, PMC7551095, PMC7773463, PMC7852154, PMC8698494, PMC8880371, PMC9029851, PMC9467908","PMC10816192, PMC11079528, PMC11237897, PMC11533084, PMC11538663, PMC3655946, PMC3656108, PMC3911986, PMC4821645, PMC5059750, PMC5394236, PMC5640231, PMC5821036, PMC5821952, PMC5872749, PMC6049513, PMC7757854, PMC7851876, PMC8257693, PMC8505974, PMC9598147",61.7,58.87,47.8,47.4,311,229,27,21,962.0,1039.0,984.0,1057.0,forward,reverse_complement,4,4,6,"PMC10148135,PMC10202359,PMC10244460,PMC10492229,PMC10694414,PMC3751477,PMC4064515,PMC5461766,PMC5579511,PMC6116159,PMC6165361,PMC6202101,PMC6343767,PMC6566507,PMC6680547,PMC6770084,PMC6770140,PMC6835433,PMC7455952,PMC7494803,PMC7551095,PMC7773463,PMC7852154,PMC8698494,PMC8880371,PMC9029851,PMC9467908",,,"PMC10816192,PMC11079528,PMC11237897,PMC11533084,PMC11538663,PMC3655946,PMC3656108,PMC3911986,PMC4821645,PMC5059750,PMC5394236,PMC5640231,PMC5821036,PMC5821952,PMC5872749,PMC6049513,PMC7757854,PMC7851876,PMC8257693,PMC8505974,PMC9598147",0,27,0,0,21,,,,,,,,,,,,,,,,,,,,,,0.0,0.0,0.0,0.0
TGGAACAGCTGAGCCGTG,CCTTGACCAAGGAGCTCTCA,CEBPA,CEBPA,"C/EBP (5), C/EBP- (2), Cebpa (1), EBP (1), Gene (1), N3541G05 (1), PPARG-forward (1)","C/EBP (5), Type (2), C/EBP- (1), Cebpa (1), PTBP1 (1), Target (1), mC/EBP (1)",0.44,0.014,19,17,"PMC10019655, PMC10253631, PMC11722803, PMC11994938, PMC2649434, PMC3514219, PMC3683442, PMC4260220, PMC4280942, PMC4726074, PMC5739599, PMC6102591, PMC6305703, PMC6562390, PMC7085266, PMC7146557, PMC8228698, PMC9288680, PMC9955970","PMC11821779, PMC11960900, PMC3483309, PMC3832965, PMC5004166, PMC5363867, PMC5402942, PMC5627035, PMC5775309, PMC7379966, PMC8057619, PMC8538253, PMC8698410, PMC8742188, PMC8929050, PMC8931631, PMC9855157",60.61,59.68,61.1,55.0,146,228,19,17,1112.0,1167.0,1129.0,1186.0,forward,reverse_complement,6,6,4,,"PMC10019655,PMC10253631,PMC11722803,PMC11994938,PMC2649434,PMC3514219,PMC3683442,PMC4260220,PMC4280942,PMC4726074,PMC5739599,PMC6102591,PMC6305703,PMC6562390,PMC7085266,PMC7146557,PMC8228698,PMC9288680,PMC9955970","PMC11821779,PMC11960900,PMC3483309,PMC3832965,PMC5004166,PMC5363867,PMC5402942,PMC5627035,PMC5775309,PMC7379966,PMC8057619,PMC8538253,PMC8698410,PMC8742188,PMC8929050,PMC8931631,PMC9855157",,0,0,17,19,0,,,,,,,,,,,,,,,,,,,,,,0.39327966530762326,0.8664583333333333,0.6900000000000002,59.457733265381165
