f_sequence,r_sequence,f_gene,r_gene,f_author_gene_list,r_author_gene_list,f_evalue,r_evalue,f_Occurrence_Count,r_Occurrence_Count,f_pmcid_list,r_pmcid_list,f_Tm_C,r_Tm_C,f_GC_pct,r_GC_pct,f_total_citations,r_total_citations,f_pmcid_count,r_pmcid_count,f_match_start,r_match_start,f_match_end,r_match_end,f_orientation,r_orientation,f_self_comp,r_self_comp,pair_comp,f_reg_pmcid_list,f_inv_pmcid_list,r_reg_pmcid_list,r_inv_pmcid_list,pair_shared_pmcid_count,f_reg_pmcid_count,r_reg_pmcid_count,f_inv_pmcid_count,r_inv_pmcid_count,pair_shared_pmcid_list,f_cross_specificity_0,r_cross_specificity_0,f_cross_specificity_0_seq,r_cross_specificity_0_seq,f_cross_specificity_1,r_cross_specificity_1,f_cross_specificity_1_seq,r_cross_specificity_1_seq,f_cross_specificity_2,r_cross_specificity_2,f_cross_specificity_2_seq,r_cross_specificity_2_seq,f_cross_specificity_3,r_cross_specificity_3,f_cross_specificity_3_seq,r_cross_specificity_3_seq,f_cross_specificity_4,r_cross_specificity_4,f_cross_specificity_4_seq,r_cross_specificity_4_seq,evidence_score,biophysics_score,synergy_score,pickr_score
CAGCCACTTTCCAATTTCACTG,GCTGGACATACTCCTTCACCTTA,OLFM4,OLFM4,"Olfm4 (12), OLFM4 (3), 0LFM4 (1), Olfm (1), Olfm4- (1), Olmf4 (1), m-Olfm4 (1)","Olfm4 (11), OLFM4 (3), Hes1 (1), Olmf4 (1), m-Olfm4 (1), mOlfm4 (1)",0.33,0.33,21,22,"PMC10077674, PMC10100858, PMC10334863, PMC10416451, PMC10844761, PMC10976588, PMC11192909, PMC11462267, PMC11670417, PMC11766382, PMC12000945, PMC12045119, PMC12071331, PMC12083493, PMC6140100, PMC7772774, PMC7789978, PMC8321669, PMC8431970, PMC9842023, PMC9921111","PMC10077674, PMC10100858, PMC10334863, PMC10416451, PMC10844761, PMC10976588, PMC11192909, PMC11462267, PMC11670417, PMC11766382, PMC12000945, PMC12045119, PMC12071331, PMC12083493, PMC6140100, PMC7772774, PMC7789978, PMC8321669, PMC8431970, PMC9827576, PMC9842023, PMC9921111",59.01,60.22,45.5,47.8,149,150,21,22,201.0,353.0,222.0,375.0,forward,reverse_complement,4,3,4,"PMC10077674,PMC10100858,PMC10334863,PMC10416451,PMC10844761,PMC10976588,PMC11192909,PMC11462267,PMC11670417,PMC11766382,PMC12000945,PMC12045119,PMC12071331,PMC12083493,PMC6140100,PMC7772774,PMC7789978,PMC8321669,PMC8431970,PMC9842023,PMC9921111",,"PMC10077674,PMC10100858,PMC10334863,PMC10416451,PMC10844761,PMC10976588,PMC11192909,PMC11462267,PMC11670417,PMC11766382,PMC12000945,PMC12045119,PMC12071331,PMC12083493,PMC6140100,PMC7772774,PMC7789978,PMC8321669,PMC8431970,PMC9827576,PMC9842023,PMC9921111",,21,21,22,0,0,"PMC10077674,PMC10100858,PMC10334863,PMC10416451,PMC10844761,PMC10976588,PMC11192909,PMC11462267,PMC11670417,PMC11766382,PMC12000945,PMC12045119,PMC12071331,PMC12083493,PMC6140100,PMC7772774,PMC7789978,PMC8321669,PMC8431970,PMC9842023,PMC9921111",,,,,,,,,,,,,,,,,,,,,1.0,0.9327777777777777,0.5966666666666665,89.91666666666667
CAGCCACTTTCCAATTTCACTG,GAGCCTCTTCTCATACAC,OLFM4,OLFM4,"Olfm4 (12), OLFM4 (3), 0LFM4 (1), Olfm (1), Olfm4- (1), Olmf4 (1), m-Olfm4 (1)","Olfm4 (5), Olfm4-Rev (4), OLFM4-R (2), Ascl2 (1), F/R (1), Microsynth (1), OLFM4 (1), mOlfm4 (1)",0.33,1.7,21,19,"PMC10077674, PMC10100858, PMC10334863, PMC10416451, PMC10844761, PMC10976588, PMC11192909, PMC11462267, PMC11670417, PMC11766382, PMC12000945, PMC12045119, PMC12071331, PMC12083493, PMC6140100, PMC7772774, PMC7789978, PMC8321669, PMC8431970, PMC9842023, PMC9921111","PMC11171731, PMC11818365, PMC3690525, PMC4076587, PMC4284662, PMC4392360, PMC4483769, PMC5404029, PMC5794877, PMC6352747, PMC8350008, PMC9062428, PMC9285700",59.01,52.03,45.5,50.0,149,397,21,13,201.0,384.0,222.0,401.0,forward,reverse_complement,4,3,2,"PMC10077674,PMC10100858,PMC10334863,PMC10416451,PMC10844761,PMC10976588,PMC11192909,PMC11462267,PMC11670417,PMC11766382,PMC12000945,PMC12045119,PMC12071331,PMC12083493,PMC6140100,PMC7772774,PMC7789978,PMC8321669,PMC8431970,PMC9842023,PMC9921111",,"PMC11171731,PMC11818365,PMC3690525,PMC4076587,PMC4284662,PMC4392360,PMC4483769,PMC5404029,PMC5794877,PMC6352747,PMC8350008,PMC9062428,PMC9285700",,0,21,13,0,0,,,,,,,,,,,,,,,,,,,,,,0.5408333784614074,0.7449999999999999,0.0,49.39166892307036
GCCACTTTCCAATTTCAC,GCTGGACATACTCCTTCACCTTA,OLFM4,OLFM4,"Olfm4 (11), Olfm4-For (4), OLFM4-F (2), ACT (1), Krt19 (1), OLFM4 (1), Reagent/resource (1), mOlfm4 (1)","Olfm4 (11), OLFM4 (3), Hes1 (1), Olmf4 (1), m-Olfm4 (1), mOlfm4 (1)",0.11,0.33,23,22,"PMC10549226, PMC11171731, PMC11628623, PMC11818365, PMC3690525, PMC4076587, PMC4284662, PMC4392360, PMC4483769, PMC5404029, PMC5794877, PMC6352747, PMC7385639, PMC8350008, PMC9062428, PMC9285700","PMC10077674, PMC10100858, PMC10334863, PMC10416451, PMC10844761, PMC10976588, PMC11192909, PMC11462267, PMC11670417, PMC11766382, PMC12000945, PMC12045119, PMC12071331, PMC12083493, PMC6140100, PMC7772774, PMC7789978, PMC8321669, PMC8431970, PMC9827576, PMC9842023, PMC9921111",52.55,60.22,44.4,47.8,426,150,16,22,203.0,353.0,220.0,375.0,forward,reverse_complement,4,3,4,"PMC10549226,PMC11171731,PMC11628623,PMC11818365,PMC3690525,PMC4076587,PMC4284662,PMC4392360,PMC4483769,PMC5404029,PMC5794877,PMC6352747,PMC7385639,PMC8350008,PMC9062428,PMC9285700",,"PMC10077674,PMC10100858,PMC10334863,PMC10416451,PMC10844761,PMC10976588,PMC11192909,PMC11462267,PMC11670417,PMC11766382,PMC12000945,PMC12045119,PMC12071331,PMC12083493,PMC6140100,PMC7772774,PMC7789978,PMC8321669,PMC8431970,PMC9827576,PMC9842023,PMC9921111",,0,16,22,0,0,,,,,,,,,,,,,,,,,,,,,,0.5633542864832719,0.7461111111111112,0.0,50.55104765749693
GCCACTTTCCAATTTCAC,GAGCCTCTTCTCATACAC,OLFM4,OLFM4,"Olfm4 (11), Olfm4-For (4), OLFM4-F (2), ACT (1), Krt19 (1), OLFM4 (1), Reagent/resource (1), mOlfm4 (1)","Olfm4 (5), Olfm4-Rev (4), OLFM4-R (2), Ascl2 (1), F/R (1), Microsynth (1), OLFM4 (1), mOlfm4 (1)",0.11,1.7,23,19,"PMC10549226, PMC11171731, PMC11628623, PMC11818365, PMC3690525, PMC4076587, PMC4284662, PMC4392360, PMC4483769, PMC5404029, PMC5794877, PMC6352747, PMC7385639, PMC8350008, PMC9062428, PMC9285700","PMC11171731, PMC11818365, PMC3690525, PMC4076587, PMC4284662, PMC4392360, PMC4483769, PMC5404029, PMC5794877, PMC6352747, PMC8350008, PMC9062428, PMC9285700",52.55,52.03,44.4,50.0,426,397,16,13,203.0,384.0,220.0,401.0,forward,reverse_complement,4,3,2,"PMC10549226,PMC11171731,PMC11628623,PMC11818365,PMC3690525,PMC4076587,PMC4284662,PMC4392360,PMC4483769,PMC5404029,PMC5794877,PMC6352747,PMC7385639,PMC8350008,PMC9062428,PMC9285700",,"PMC11171731,PMC11818365,PMC3690525,PMC4076587,PMC4284662,PMC4392360,PMC4483769,PMC5404029,PMC5794877,PMC6352747,PMC8350008,PMC9062428,PMC9285700",,13,16,13,0,0,"PMC11171731,PMC11818365,PMC3690525,PMC4076587,PMC4284662,PMC4392360,PMC4483769,PMC5404029,PMC5794877,PMC6352747,PMC8350008,PMC9062428,PMC9285700",,,,,,,,,,,,,,,,,,,,,0.921498139072992,0.5583333333333333,0.826666666666668,79.35824028698298
AGTGACCTTGTGCCTGCC,ACCTCCTTGGCCATAGCGAA,OLFM4,OLFM4,Olfm4 (6),"Olfm4 (4), OLFM4 (1), mu_ (1)",0.44,3.5,6,6,"PMC11284232, PMC5871851, PMC5889626, PMC6534527, PMC8638898","PMC11369156, PMC3782039, PMC6954722, PMC6981263, PMC7791665, PMC7841144",60.54,61.94,61.1,55.0,179,185,5,6,690.0,967.0,707.0,986.0,forward,reverse_complement,2,6,3,"PMC11284232,PMC5871851,PMC5889626,PMC6534527,PMC8638898",,"PMC11369156,PMC3782039,PMC6954722,PMC6981263,PMC7791665,PMC7841144",,0,5,6,0,0,,,,,,,,,,,,,,,,,,,,,,0.352778583932397,0.7803472222222223,0.5333333333333339,51.71601252995319
TAAGGTGAAGGAGTATGTCCAGC,GAGCCTCTTCTCATACAC,OLFM4,OLFM4,"Olfm4 (11), OLFM4 (3), Hes1 (1), Olmf4 (1), m-Olfm4 (1), mOlfm4 (1)","Olfm4 (5), Olfm4-Rev (4), OLFM4-R (2), Ascl2 (1), F/R (1), Microsynth (1), OLFM4 (1), mOlfm4 (1)",0.33,1.7,22,19,"PMC10077674, PMC10100858, PMC10334863, PMC10416451, PMC10844761, PMC10976588, PMC11192909, PMC11462267, PMC11670417, PMC11766382, PMC12000945, PMC12045119, PMC12071331, PMC12083493, PMC6140100, PMC7772774, PMC7789978, PMC8321669, PMC8431970, PMC9827576, PMC9842023, PMC9921111","PMC11171731, PMC11818365, PMC3690525, PMC4076587, PMC4284662, PMC4392360, PMC4483769, PMC5404029, PMC5794877, PMC6352747, PMC8350008, PMC9062428, PMC9285700",60.22,52.03,47.8,50.0,150,397,22,13,353.0,384.0,375.0,401.0,forward,reverse_complement,3,3,5,,"PMC10077674,PMC10100858,PMC10334863,PMC10416451,PMC10844761,PMC10976588,PMC11192909,PMC11462267,PMC11670417,PMC11766382,PMC12000945,PMC12045119,PMC12071331,PMC12083493,PMC6140100,PMC7772774,PMC7789978,PMC8321669,PMC8431970,PMC9827576,PMC9842023,PMC9921111","PMC11171731,PMC11818365,PMC3690525,PMC4076587,PMC4284662,PMC4392360,PMC4483769,PMC5404029,PMC5794877,PMC6352747,PMC8350008,PMC9062428,PMC9285700",,0,0,13,22,0,,,,,,,,,,,,,,,,,,,,,,0.3751799528436254,0.7877777777777779,0.0,42.392330975514604
