f_sequence,r_sequence,f_author_gene_list,r_author_gene_list,f_evalue,r_evalue,f_Occurrence_Count,r_Occurrence_Count,f_pmcid_list,r_pmcid_list,f_Citation_Count,r_Citation_Count,f_gene1,r_gene1,f_start,r_start,f_end,r_end,f_orientation,r_orientation,f_gene,r_gene,f_Tm_C,r_Tm_C,f_GC_pct,r_GC_pct,f_pmcid_count,r_pmcid_count,f_self_comp,r_self_comp,pair_comp,f_cross_specificity_0,f_cross_specificity_0_seq,r_cross_specificity_0,r_cross_specificity_0_seq,f_cross_specificity_1,f_cross_specificity_1_seq,r_cross_specificity_1,r_cross_specificity_1_seq,f_cross_specificity_2,f_cross_specificity_2_seq,r_cross_specificity_2,r_cross_specificity_2_seq,f_cross_specificity_3,f_cross_specificity_3_seq,r_cross_specificity_3,r_cross_specificity_3_seq,f_cross_specificity_4,f_cross_specificity_4_seq,r_cross_specificity_4,r_cross_specificity_4_seq,f_reg_pmcid_list,f_inv_pmcid_list,r_reg_pmcid_list,r_inv_pmcid_list,f_reg_pmcid_count,f_inv_pmcid_count,r_reg_pmcid_count,r_inv_pmcid_count,pair_shared_pmcid_list,pair_shared_pmcid_count,evidence_score,biophysics_score,synergy_score,pickr_score,percentile
CCTGAAGAACTCGAACGGGAA,TCCGCCATGTTGTTGGTGG,"ARID1A (4) (1), Human-ARID1A (1) (1), human (1) (1)","ARID1A (2) (1), For (1) (1), RNA-seq (1) (1), human (1) (1)",0.001,0.011,6,6," PMC11574621, PMC12090620, PMC5833159, PMC8441140, PMC9117818,PMC10859615"," PMC11574621, PMC12090620, PMC5833159, PMC8441140, PMC9117818,PMC10859615",0.0,0.0,XM_063287285.1,XM_063287285.1,4570.0,4777.0,4590.0,4795.0,forward,reverse_complement,Arid1a,Arid1a,60.65,61.55,52.4,57.9,6,6,4,4,3,,,,,,,,,,,,,,,,,,,,,"PMC10859615,PMC11574621,PMC12090620,PMC5833159,PMC8441140,PMC9117818",,"PMC10859615,PMC11574621,PMC12090620,PMC5833159,PMC8441140,PMC9117818",,6,0,6,0,"PMC10859615,PMC11574621,PMC12090620,PMC5833159,PMC8441140,PMC9117818",6,0.6319375736015296,0.8361111111111114,0.7000000000000004,70.68021201340984,84.08969195969674
ATAGTATGGCTGGCATGATCAAC,TGTTCATTTTTGTGGCGGGAG,ARID1A (4) (1),"Arid1a-R (1) (1), See (1) (1), cre-R (1) (1)",8.72e-05,4.3,4,4," PMC4587544,PMC3731665"," PMC4646347, PMC5285448,PMC3895691",0.0,0.0,XM_063287286.1,XM_063287286.1,16318.0,16441.0,16340.0,16461.0,forward,reverse_complement,Arid1a,Arid1a,59.34,60.32,43.5,47.6,2,3,6,2,4,,,,,,,,,,,,,,,,,,,,,"PMC3731665,PMC4587544",,"PMC3895691,PMC4646347,PMC5285448",,2,0,3,0,,0,0.2128171380470742,0.903888888888889,0.6733333333333344,51.224190235687075,41.70104405119157
CCGTTCGAGTTCTTCAGGTC,CGTCTTCCACCAACAACATG,ARID1A (4) (1),ARID1A (4) (1),0.004,0.004,4,4," PMC4587544,PMC3731665"," PMC4587544,PMC3731665",0.0,0.0,XM_063287285.1,XM_063287285.1,4568.0,4771.0,4587.0,4790.0,forward,reverse_complement,Arid1a,Arid1a,58.94,57.95,55.0,50.0,2,2,4,4,3,,,,,,,,,,,,,,,,,,,,,,"PMC3731665,PMC4587544",,"PMC3731665,PMC4587544",0,2,0,2,,0,0.07510693376607305,0.8272222222222223,0.6700000000000017,41.97201335497036,21.656109418403837
CCTGAAGAACTCGAACGGGAA,CGTCTTCCACCAACAACATG,"ARID1A (4) (1), Human-ARID1A (1) (1), human (1) (1)",ARID1A (4) (1),0.001,0.004,6,4," PMC11574621, PMC12090620, PMC5833159, PMC8441140, PMC9117818,PMC10859615"," PMC4587544,PMC3731665",0.0,0.0,XM_063287285.1,XM_063287285.1,4570.0,4771.0,4590.0,4790.0,forward,reverse_complement,Arid1a,Arid1a,60.65,57.95,52.4,50.0,6,2,4,4,5,,,,,,,,,,,,,,,,,,,,,"PMC10859615,PMC11574621,PMC12090620,PMC5833159,PMC8441140,PMC9117818",,,"PMC3731665,PMC4587544",6,0,0,2,,0,0.20420883353596014,0.8500000000000003,0.10000000000000142,37.71044167679804,14.722954489352741
CAGTTGGTTGAGGGTGGG,GTGGTGGCTCCTTTGTTGG,ARID1A (4) (1),"ARID1A (4) (1), ARID1A-5 (1) (1)",0.028,0.011,4,5," PMC4587544,PMC3731665"," PMC5342713, PMC6307807, PMC7226530, PMC7521577,PMC4387553",0.0,0.0,XM_063287285.1,XM_063287285.1,5144.0,5326.0,5161.0,5344.0,forward,reverse_complement,Arid1a,Arid1a,58.15,59.61,61.1,57.9,2,5,2,2,3,,,,,,,,,,,,,,,,,,,,,"PMC3731665,PMC4587544",,,"PMC4387553,PMC5342713,PMC6307807,PMC7226530,PMC7521577",2,0,0,5,,0,0.15533652579259083,0.6451388888888887,0.513333333333333,37.387659622962865,14.26642317666923
CCGTTCGAGTTCTTCAGGTC,TCCGCCATGTTGTTGGTGG,ARID1A (4) (1),"ARID1A (2) (1), For (1) (1), RNA-seq (1) (1), human (1) (1)",0.004,0.011,4,6," PMC4587544,PMC3731665"," PMC11574621, PMC12090620, PMC5833159, PMC8441140, PMC9117818,PMC10859615",0.0,0.0,XM_063287285.1,XM_063287285.1,4568.0,4777.0,4587.0,4795.0,forward,reverse_complement,Arid1a,Arid1a,58.94,61.55,55.0,57.9,2,6,4,4,2,,,,,,,,,,,,,,,,,,,,,,"PMC3731665,PMC4587544","PMC10859615,PMC11574621,PMC12090620,PMC5833159,PMC8441140,PMC9117818",,0,2,6,0,,0,0.20420883353596014,0.8133333333333334,0.13000000000000023,37.21044167679801,14.019885725931264
CATGTTGTTGGTGGAAGACG,TTGTACTGGTGGTTGGGGAAG,ARID1A (4) (1),"Arid1a (1) (1), ID1-mouse-F (1) (1)",0.004,0.001,4,3," PMC4587544,PMC3731665"," PMC9071930, PMC9628249,PMC11799300",0.0,0.0,XM_063287285.1,XM_063287285.1,4771.0,4888.0,4790.0,4908.0,forward,reverse_complement,Arid1a,Arid1a,57.95,60.53,50.0,52.4,2,3,4,4,2,,,,,,,,,,,,,,,,,,,,,"PMC3731665,PMC4587544",,,"PMC11799300,PMC9071930,PMC9628249",2,0,0,3,,0,0.14147665851582242,0.8566666666666667,0.14000000000000057,35.57383292579114,11.879819208137205
CCAACAAAGGAGCCACCAC,CAGCGGTACCCGATGACCAT,"ARID1A (4) (1), ARID1A-5 (1) (1)","ARID1A (3) (1), Sequence-based (1) (1)",0.011,0.004,5,4," PMC5342713, PMC6307807, PMC7226530, PMC7521577,PMC4387553"," PMC7226530, PMC8203294,PMC6086874",0.0,0.0,XM_063287285.1,XM_063287285.1,5326.0,5549.0,5344.0,5568.0,forward,reverse_complement,Arid1a,Arid1a,59.61,62.69,57.9,60.0,5,3,2,6,3,,,,,,,,,,,,,,,,,,,,,"PMC4387553,PMC5342713,PMC6307807,PMC7226530,PMC7521577",,PMC8203294,"PMC6086874,PMC7226530",5,0,1,2,,0,0.23651073765334232,0.7455555555555555,0.0,34.19220354933378,10.261730846592448
CTTCCCCAACCACCAGTACAA,CCCACCCTCAACCAACTG,"Arid1a (1) (1), ID1-mouse-F (1) (1)",ARID1A (4) (1),0.001,0.028,3,4," PMC9071930, PMC9628249,PMC11799300"," PMC4587544,PMC3731665",0.0,0.0,XM_063287285.1,XM_063287285.1,4888.0,5144.0,4908.0,5161.0,forward,reverse_complement,Arid1a,Arid1a,60.53,58.15,52.4,61.1,3,2,4,2,4,,,,,,,,,,,,,,,,,,,,,"PMC11799300,PMC9071930,PMC9628249",,,"PMC3731665,PMC4587544",3,0,0,2,,0,0.15628114562682455,0.6790277777777776,0.20666666666666578,32.31822394800787,8.331676932225779
GCGGCGGCGGAGCCGGCA,GACCTGAAGAACTCGAACGG,"ARID1A (1) (1), Alt (1) (1), p.G84delinsGGGGAGS (1) (1)",ARID1A (4) (1),0.028,0.004,3,4," PMC7341065,PMC5522272"," PMC4587544,PMC3731665",0.0,0.0,XM_063287285.1,XM_063287285.1,4524.0,4568.0,4541.0,4587.0,forward,reverse_complement,Arid1a,Arid1a,74.49,58.94,88.9,55.0,2,2,6,4,3,,,,,"Creb5,Hmcn1,Prr18",............G.....;............G.....;............G.....,,,,,,,,,,,,,,,"PMC5522272,PMC7341065",,"PMC3731665,PMC4587544",,2,0,2,0,,0,0.18817891860657232,0.0004744444444444444,0.0,9.423179263661948,0.25215176335040923
GCGGCGGCGGAGCCGGCA,TTCCCGTTCGAGTTCTTCAGG,"ARID1A (1) (1), Alt (1) (1), p.G84delinsGGGGAGS (1) (1)","ARID1A (4) (1), Human-ARID1A (1) (1), human (1) (1)",0.028,0.001,3,6," PMC7341065,PMC5522272"," PMC11574621, PMC12090620, PMC5833159, PMC8441140, PMC9117818,PMC10859615",0.0,0.0,XM_063287285.1,XM_063287285.1,4524.0,4570.0,4541.0,4590.0,forward,reverse_complement,Arid1a,Arid1a,74.49,60.65,88.9,52.4,2,6,6,4,3,,,,,"Creb5,Hmcn1,Prr18",............G.....;............G.....;............G.....,,,,,,,,,,,,,,,"PMC5522272,PMC7341065",,,"PMC10859615,PMC11574621,PMC12090620,PMC5833159,PMC8441140,PMC9117818",2,0,0,6,,0,0.16060580277920508,0.0004972222222222224,0.0,8.045206805626922,0.19273911231723276
GCGGCGGCGGAGCCGGCA,CGTCTTCCACCAACAACATG,"ARID1A (1) (1), Alt (1) (1), p.G84delinsGGGGAGS (1) (1)",ARID1A (4) (1),0.028,0.004,3,4," PMC7341065,PMC5522272"," PMC4587544,PMC3731665",0.0,0.0,XM_063287285.1,XM_063287285.1,4524.0,4771.0,4541.0,4790.0,forward,reverse_complement,Arid1a,Arid1a,74.49,57.95,88.9,50.0,2,2,6,4,3,,,,,"Creb5,Hmcn1,Prr18",............G.....;............G.....;............G.....,,,,,,,,,,,,,,,"PMC5522272,PMC7341065",,,"PMC3731665,PMC4587544",2,0,0,2,,0,0.1316429261863227,0.0004194444444444447,0.0,6.594729642649469,0.14419808773786305
