f_sequence,r_sequence,f_author_gene_list,r_author_gene_list,f_evalue,r_evalue,f_Occurrence_Count,r_Occurrence_Count,f_pmcid_list,r_pmcid_list,f_Citation_Count,r_Citation_Count,f_gene1,r_gene1,f_start,r_start,f_end,r_end,f_orientation,r_orientation,f_gene,r_gene,f_Tm_C,r_Tm_C,f_GC_pct,r_GC_pct,f_pmcid_count,r_pmcid_count,f_self_comp,r_self_comp,pair_comp,f_cross_specificity_0,f_cross_specificity_0_seq,r_cross_specificity_0,r_cross_specificity_0_seq,f_cross_specificity_1,f_cross_specificity_1_seq,r_cross_specificity_1,r_cross_specificity_1_seq,f_cross_specificity_2,f_cross_specificity_2_seq,r_cross_specificity_2,r_cross_specificity_2_seq,f_cross_specificity_3,f_cross_specificity_3_seq,r_cross_specificity_3,r_cross_specificity_3_seq,f_cross_specificity_4,f_cross_specificity_4_seq,r_cross_specificity_4,r_cross_specificity_4_seq,f_reg_pmcid_list,f_inv_pmcid_list,r_reg_pmcid_list,r_inv_pmcid_list,f_reg_pmcid_count,f_inv_pmcid_count,r_reg_pmcid_count,r_inv_pmcid_count,pair_shared_pmcid_list,pair_shared_pmcid_count,evidence_score,biophysics_score,synergy_score,pickr_score,percentile
AGCCCTGACCACTCCAGTTTAG,CCCTCTATGGCTGTTTCTTTCTCT,"Canada (1) (1), NES (4) (1), NESTIN (3) (1), Nestin (7) (1)","CAC (1) (1), MAP-2 (1) (1), NES (4) (1), NESTIN (2) (1), Nestin (3) (1), OLIG2 (1) (1), SOX2 (1) (1), nestin-S (1) (1)",0.000345,2.58e-05,17,18," PMC3731237, PMC3898470, PMC4050679, PMC5485221, PMC5945579, PMC7603008, PMC7671740, PMC7724848, PMC7809298, PMC7852318, PMC8101174, PMC9067149,PMC11642068,PMC5485221,PMC8511086"," PMC3731237, PMC3898470, PMC4050679, PMC4582557, PMC5485221, PMC5945579, PMC7603008, PMC7724848, PMC7809298, PMC7852318, PMC8101174, PMC9067149,PMC11642068,PMC5485221,PMC8511086",30.0,30.0,XM_001116693.3,XM_001116693.3,1539.0,1643.0,1560.0,1666.0,forward,reverse_complement,XM_001116693.3,XM_001116693.3,62.36,60.76,54.5,45.8,15,15,3,2,4,,,,,,,,,,,,,,,,,,,,,"PMC11642068,PMC3731237,PMC3898470,PMC4050679,PMC5485221,PMC5945579,PMC7603008,PMC7671740,PMC7724848,PMC7809298,PMC7852318,PMC8101174,PMC8511086,PMC9067149",,"PMC11642068,PMC3731237,PMC3898470,PMC4050679,PMC4582557,PMC5485221,PMC5945579,PMC7603008,PMC7724848,PMC7809298,PMC7852318,PMC8101174,PMC8511086,PMC9067149",,14,0,14,0,"PMC11642068,PMC3731237,PMC3898470,PMC4050679,PMC5485221,PMC5945579,PMC7603008,PMC7724848,PMC7809298,PMC7852318,PMC8101174,PMC8511086,PMC9067149",13,0.8688559185948987,0.8266666666666667,0.46666666666666623,77.57612926307826,92.30951134742958
GAGGGAAGTCTTGGAGCCAC,CTGCTACCCTTGAGACACCTG,"NES (1) (1), NESTIN (2) (1), Nestin (5) (1)","Human (1) (1), NES (5) (1), NESTIN (7) (1), NSC (1) (1), Nestin (13) (1), Nestin-F (1) (1), Nestin-forward (1) (1), hNESTIN (1) (1), hNESTIN-F (2) (1), nestin (1) (1)",0.004,0.001,14,38," PMC3352872, PMC4922836, PMC5288128, PMC5833666, PMC6059729, PMC7251312, PMC8944334, PMC9052431,PMC10773078,PMC11589194,PMC5262457"," PMC11073496, PMC11387487, PMC11528465, PMC11749126, PMC4427554, PMC5333886, PMC5352199, PMC5663582, PMC5830957, PMC5926788, PMC5937771, PMC5943274, PMC5955139, PMC6221909, PMC6434175, PMC6598262, PMC6612138, PMC7181744, PMC7217206, PMC7466444, PMC7737267, PMC7876244, PMC8206106, PMC8416740, PMC8455897, PMC8786977, PMC8955038, PMC9077300, PMC9145659, PMC9295514, PMC9733565,PMC10413151,PMC10696058,PMC5504036,PMC8353354,PMC9065175,PMC9507388",113.0,70.0,XM_001116693.3,XM_001116693.3,1081.0,1210.0,1100.0,1230.0,forward,reverse_complement,XM_001116693.3,XM_001116693.3,60.69,60.72,60.0,57.1,11,37,3,2,4,,,,,,,,,,,,,,,,,,,,,"PMC10773078,PMC3352872,PMC4922836,PMC5262457,PMC5288128,PMC5833666,PMC6059729,PMC7251312,PMC8944334,PMC9052431",PMC11589194,"PMC10413151,PMC11073496,PMC11387487,PMC11528465,PMC11749126,PMC4427554,PMC5333886,PMC5352199,PMC5504036,PMC5663582,PMC5830957,PMC5926788,PMC5937771,PMC5943274,PMC5955139,PMC6221909,PMC6434175,PMC6598262,PMC6612138,PMC7181744,PMC7217206,PMC7466444,PMC7737267,PMC7876244,PMC8206106,PMC8353354,PMC8416740,PMC8455897,PMC8786977,PMC8955038,PMC9065175,PMC9077300,PMC9145659,PMC9295514,PMC9507388,PMC9733565",PMC10696058,10,1,36,1,,0,0.5185041652512343,0.8383333333333336,0.9899999999999997,70.87520826256171,84.38134358023082
CAGGAGAAACAGGGCCTACA,TGGGAGCAAAGATCCAAGAC,"NESTIN (4) (1), Nestin (4) (1), PITPNB (1) (1)","Marker (1) (1), NES (4) (1), NES-R (1) (1), NESTIN (10) (1), Nestin (2) (1)",0.004,0.004,15,28," PMC3419426, PMC3478269, PMC4055136, PMC4260724, PMC4918624, PMC5355113, PMC5460818, PMC5559447, PMC5752237, PMC5862611, PMC7140674, PMC7596448,PMC10543272,PMC11609684,PMC3044174"," PMC10907651, PMC11330932, PMC11608845, PMC12064636, PMC3140037, PMC3226302, PMC4486861, PMC4635383, PMC4918624, PMC5290732, PMC5752237, PMC5862611, PMC6115453, PMC7773901, PMC8604949, PMC8773741, PMC9266965,PMC10472524,PMC10907651,PMC4486861,PMC4807416,PMC5290732,PMC6115453",2.0,173.0,XM_001116693.3,XM_001116693.3,933.0,1156.0,952.0,1175.0,forward,reverse_complement,XM_001116693.3,XM_001116693.3,59.68,58.16,55.0,50.0,15,23,4,4,3,,,,,,,,,,,,,,,,,,,,,"PMC4260724,PMC4918624,PMC5355113,PMC5460818,PMC5559447,PMC5752237,PMC5862611,PMC7596448","PMC10543272,PMC11609684,PMC3044174,PMC3419426,PMC3478269,PMC4055136,PMC7140674","PMC10472524,PMC10907651,PMC11330932,PMC11608845,PMC12064636,PMC3140037,PMC3226302,PMC4486861,PMC4635383,PMC4807416,PMC4918624,PMC5290732,PMC5752237,PMC5862611,PMC6115453,PMC7773901,PMC8604949,PMC8773741,PMC9266965",,8,7,19,0,"PMC4918624,PMC5752237,PMC5862611",3,0.6771586820207043,0.8799999999999997,0.4933333333333323,70.12460076770185,83.2392386717476
GCCCTGACCACTCCAGTTTA,TGGTTTTCCAGAGTCTTCAGTGA,"NES (1) (1), Nestin (8) (1)","GCA (1) (1), NES (3) (1), NESTIN (6) (1), Nestin (2) (1), NestinR (1) (1), PAX6 (1) (1)",0.004,8.72e-05,9,21," PMC1397850, PMC2423617, PMC3759261, PMC4190371, PMC4638229, PMC5583182, PMC8939239, PMC9397400,PMC11437312"," PMC10886860, PMC3040184, PMC3429416, PMC4586002, PMC4762427, PMC5094695, PMC5392904, PMC5537359, PMC5738408, PMC5815497, PMC6114965, PMC6180579, PMC6316808, PMC7928331, PMC8151031, PMC8786925, PMC8928726, PMC9898924,PMC10287785,PMC3898746,PMC5537359",0.0,463.0,XM_001116693.3,XM_001116693.3,1540.0,1794.0,1559.0,1816.0,forward,reverse_complement,XM_001116693.3,XM_001116693.3,59.97,60.22,55.0,43.5,9,21,3,3,4,,,,,,,,,,,,,,,,,,,,,"PMC11437312,PMC1397850,PMC2423617,PMC3759261,PMC4190371,PMC4638229,PMC5583182,PMC8939239,PMC9397400",,"PMC10287785,PMC10886860,PMC3040184,PMC3429416,PMC3898746,PMC4586002,PMC4762427,PMC5094695,PMC5392904,PMC5537359,PMC5738408,PMC5815497,PMC6114965,PMC6180579,PMC6316808,PMC7928331,PMC8151031,PMC8786925,PMC8928726,PMC9898924",,9,0,20,0,,0,0.45794723178608504,0.9444444444444444,0.9166666666666666,69.56402825597092,82.35206840962799
CAGGAGAAACAGGGCCTACA,CTGCTACCCTTGAGACACCTG,"NESTIN (4) (1), Nestin (4) (1), PITPNB (1) (1)","Human (1) (1), NES (5) (1), NESTIN (7) (1), NSC (1) (1), Nestin (13) (1), Nestin-F (1) (1), Nestin-forward (1) (1), hNESTIN (1) (1), hNESTIN-F (2) (1), nestin (1) (1)",0.004,0.001,15,38," PMC3419426, PMC3478269, PMC4055136, PMC4260724, PMC4918624, PMC5355113, PMC5460818, PMC5559447, PMC5752237, PMC5862611, PMC7140674, PMC7596448,PMC10543272,PMC11609684,PMC3044174"," PMC11073496, PMC11387487, PMC11528465, PMC11749126, PMC4427554, PMC5333886, PMC5352199, PMC5663582, PMC5830957, PMC5926788, PMC5937771, PMC5943274, PMC5955139, PMC6221909, PMC6434175, PMC6598262, PMC6612138, PMC7181744, PMC7217206, PMC7466444, PMC7737267, PMC7876244, PMC8206106, PMC8416740, PMC8455897, PMC8786977, PMC8955038, PMC9077300, PMC9145659, PMC9295514, PMC9733565,PMC10413151,PMC10696058,PMC5504036,PMC8353354,PMC9065175,PMC9507388",2.0,70.0,XM_001116693.3,XM_001116693.3,933.0,1210.0,952.0,1230.0,forward,reverse_complement,XM_001116693.3,XM_001116693.3,59.68,60.72,55.0,57.1,15,37,4,2,4,,,,,,,,,,,,,,,,,,,,,"PMC4260724,PMC4918624,PMC5355113,PMC5460818,PMC5559447,PMC5752237,PMC5862611,PMC7596448","PMC10543272,PMC11609684,PMC3044174,PMC3419426,PMC3478269,PMC4055136,PMC7140674","PMC10413151,PMC11073496,PMC11387487,PMC11528465,PMC11749126,PMC4427554,PMC5333886,PMC5352199,PMC5504036,PMC5663582,PMC5830957,PMC5926788,PMC5937771,PMC5943274,PMC5955139,PMC6221909,PMC6434175,PMC6598262,PMC6612138,PMC7181744,PMC7217206,PMC7466444,PMC7737267,PMC7876244,PMC8206106,PMC8353354,PMC8416740,PMC8455897,PMC8786977,PMC8955038,PMC9065175,PMC9077300,PMC9145659,PMC9295514,PMC9507388,PMC9733565",PMC10696058,8,7,36,1,,0,0.5180111271316538,0.9005555555555556,0.6533333333333335,65.98388968991603,76.01033305792797
GCGGGCTACTGAAAAGTTCC,TGTAGGCCCTGTTTCTCCTG,"NES (2) (1), NESTIN (1) (1), Nestin (1) (1)","NESTIN (4) (1), Nestin (4) (1), PITPNB (1) (1)",0.004,0.004,5,15," PMC4665172, PMC7904544, PMC9014446,PMC10825216,PMC12123202"," PMC3419426, PMC3478269, PMC4055136, PMC4260724, PMC4918624, PMC5355113, PMC5460818, PMC5559447, PMC5752237, PMC5862611, PMC7140674, PMC7596448,PMC10543272,PMC11609684,PMC3044174",0.0,2.0,XM_001116693.3,XM_001116693.3,890.0,933.0,909.0,952.0,forward,reverse_complement,XM_001116693.3,XM_001116693.3,59.84,59.68,55.0,55.0,5,15,3,4,4,,,,,,,,,,,,,,,,,,,,,"PMC10825216,PMC12123202,PMC4665172,PMC7904544,PMC9014446",,"PMC10543272,PMC11609684,PMC3044174,PMC3419426,PMC3478269,PMC4055136,PMC7140674","PMC4260724,PMC4918624,PMC5355113,PMC5460818,PMC5559447,PMC5752237,PMC5862611,PMC7596448",5,0,7,8,,0,0.35523841639713033,0.9733333333333334,0.9466666666666654,65.89525415318982,75.83900206519145
GCCCTGACCACTCCAGTTTA,GGAGTCCTGGATTTCCTTCC,"NES (1) (1), Nestin (8) (1)","Gene (1) (1), NES (1) (1), Olig2 (1) (1), S. (1) (1), Target (1) (1)",0.004,0.004,9,6," PMC1397850, PMC2423617, PMC3759261, PMC4190371, PMC4638229, PMC5583182, PMC8939239, PMC9397400,PMC11437312"," PMC3759261, PMC4190371, PMC5583182, PMC5691170, PMC9397400,PMC2423617",0.0,0.0,XM_001116693.3,XM_001116693.3,1540.0,1720.0,1559.0,1739.0,forward,reverse_complement,XM_001116693.3,XM_001116693.3,59.97,57.94,55.0,55.0,9,6,3,3,5,,,,,,,,,,,,,,,,,,,,,"PMC11437312,PMC1397850,PMC2423617,PMC3759261,PMC4190371,PMC4638229,PMC5583182,PMC8939239,PMC9397400",,"PMC2423617,PMC3759261,PMC4190371,PMC5583182,PMC5691170,PMC9397400",,9,0,6,0,"PMC2423617,PMC3759261,PMC4190371,PMC5583182,PMC9397400",5,0.6388280577887282,0.8838888888888887,0.3233333333333329,64.92473622276972,73.92028894821404
GCCCTGACCACTCCAGTTTA,CCCTCTATGGCTGTTTCTTTCTCT,"NES (1) (1), Nestin (8) (1)","CAC (1) (1), MAP-2 (1) (1), NES (4) (1), NESTIN (2) (1), Nestin (3) (1), OLIG2 (1) (1), SOX2 (1) (1), nestin-S (1) (1)",0.004,2.58e-05,9,18," PMC1397850, PMC2423617, PMC3759261, PMC4190371, PMC4638229, PMC5583182, PMC8939239, PMC9397400,PMC11437312"," PMC3731237, PMC3898470, PMC4050679, PMC4582557, PMC5485221, PMC5945579, PMC7603008, PMC7724848, PMC7809298, PMC7852318, PMC8101174, PMC9067149,PMC11642068,PMC5485221,PMC8511086",0.0,30.0,XM_001116693.3,XM_001116693.3,1540.0,1643.0,1559.0,1666.0,forward,reverse_complement,XM_001116693.3,XM_001116693.3,59.97,60.76,55.0,45.8,9,15,3,2,3,,,,,,,,,,,,,,,,,,,,,"PMC11437312,PMC1397850,PMC2423617,PMC3759261,PMC4190371,PMC4638229,PMC5583182,PMC8939239,PMC9397400",,"PMC11642068,PMC3731237,PMC3898470,PMC4050679,PMC4582557,PMC5485221,PMC5945579,PMC7603008,PMC7724848,PMC7809298,PMC7852318,PMC8101174,PMC8511086,PMC9067149",,9,0,14,0,,0,0.4291304315911427,0.9561111111111111,0.736666666666667,64.8731882462238,73.816229922254
CAGGAGAAACAGGGCCTACA,CTCAAGATGTCCCTCAGCCT,"NESTIN (4) (1), Nestin (4) (1), PITPNB (1) (1)","Brachyury (1) (1), GFAP (1) (1), NESTIN (3) (1), Nestin-R (1) (1), Notch1 (1) (1), hNESTIN (1) (1)",0.004,0.004,15,12," PMC3419426, PMC3478269, PMC4055136, PMC4260724, PMC4918624, PMC5355113, PMC5460818, PMC5559447, PMC5752237, PMC5862611, PMC7140674, PMC7596448,PMC10543272,PMC11609684,PMC3044174"," PMC4015273, PMC4029979, PMC4437468, PMC5856210, PMC6168994, PMC6172071, PMC9267053,PMC3339118,PMC4437468,PMC5614476",2.0,13.0,XM_001116693.3,XM_001116693.3,933.0,999.0,952.0,1018.0,forward,reverse_complement,XM_001116693.3,XM_001116693.3,59.68,59.46,55.0,55.0,15,10,4,2,4,,,,,,,,,,,,,,,,,,,,,"PMC4260724,PMC4918624,PMC5355113,PMC5460818,PMC5559447,PMC5752237,PMC5862611,PMC7596448","PMC10543272,PMC11609684,PMC3044174,PMC3419426,PMC3478269,PMC4055136,PMC7140674","PMC4437468,PMC6168994","PMC3339118,PMC4015273,PMC4029979,PMC5614476,PMC5856210,PMC6172071,PMC9267053",8,7,2,7,,0,0.34309080988689566,0.9522222222222222,0.9266666666666671,64.2545404943448,72.55097994506244
AGGCTGAGGGACATCTTGAG,TAAGAAAGGCTGGCACAGGT,"Brachyury (1) (1), GFAP (1) (1), NESTIN (3) (1), Nestin-R (1) (1), Notch1 (1) (1), hNESTIN (1) (1)","Nestin (2) (1), Nestin_R (2) (1), TUJ1 (1) (1)",0.004,0.004,12,9," PMC4015273, PMC4029979, PMC4437468, PMC5856210, PMC6168994, PMC6172071, PMC9267053,PMC3339118,PMC4437468,PMC5614476"," PMC3511366, PMC3796557, PMC5460818, PMC6685151, PMC9344080,PMC11068800,PMC8350547",13.0,5.0,XM_001116693.3,XM_001116693.3,999.0,1226.0,1018.0,1245.0,forward,reverse_complement,XM_001116693.3,XM_001116693.3,59.46,59.9,55.0,50.0,10,7,2,3,4,,,,,,,,,,,,,,,,,,,,,"PMC3339118,PMC4015273,PMC4029979,PMC5614476,PMC5856210,PMC6172071,PMC9267053","PMC4437468,PMC6168994","PMC11068800,PMC3511366,PMC3796557,PMC5460818,PMC6685151,PMC9344080",PMC8350547,7,2,6,1,,0,0.35693897549376097,0.9644444444444444,0.853333333333334,63.84694877468806,71.7012083151557
AGGCTGAGGGACATCTTGAG,CTGCTACCCTTGAGACACCTG,"Brachyury (1) (1), GFAP (1) (1), NESTIN (3) (1), Nestin-R (1) (1), Notch1 (1) (1), hNESTIN (1) (1)","Human (1) (1), NES (5) (1), NESTIN (7) (1), NSC (1) (1), Nestin (13) (1), Nestin-F (1) (1), Nestin-forward (1) (1), hNESTIN (1) (1), hNESTIN-F (2) (1), nestin (1) (1)",0.004,0.001,12,38," PMC4015273, PMC4029979, PMC4437468, PMC5856210, PMC6168994, PMC6172071, PMC9267053,PMC3339118,PMC4437468,PMC5614476"," PMC11073496, PMC11387487, PMC11528465, PMC11749126, PMC4427554, PMC5333886, PMC5352199, PMC5663582, PMC5830957, PMC5926788, PMC5937771, PMC5943274, PMC5955139, PMC6221909, PMC6434175, PMC6598262, PMC6612138, PMC7181744, PMC7217206, PMC7466444, PMC7737267, PMC7876244, PMC8206106, PMC8416740, PMC8455897, PMC8786977, PMC8955038, PMC9077300, PMC9145659, PMC9295514, PMC9733565,PMC10413151,PMC10696058,PMC5504036,PMC8353354,PMC9065175,PMC9507388",13.0,70.0,XM_001116693.3,XM_001116693.3,999.0,1210.0,1018.0,1230.0,forward,reverse_complement,XM_001116693.3,XM_001116693.3,59.46,60.72,55.0,57.1,10,37,2,2,4,,,,,,,,,,,,,,,,,,,,,"PMC3339118,PMC4015273,PMC4029979,PMC5614476,PMC5856210,PMC6172071,PMC9267053","PMC4437468,PMC6168994","PMC10413151,PMC11073496,PMC11387487,PMC11528465,PMC11749126,PMC4427554,PMC5333886,PMC5352199,PMC5504036,PMC5663582,PMC5830957,PMC5926788,PMC5937771,PMC5943274,PMC5955139,PMC6221909,PMC6434175,PMC6598262,PMC6612138,PMC7181744,PMC7217206,PMC7466444,PMC7737267,PMC7876244,PMC8206106,PMC8353354,PMC8416740,PMC8455897,PMC8786977,PMC8955038,PMC9065175,PMC9077300,PMC9145659,PMC9295514,PMC9507388,PMC9733565",PMC10696058,7,2,36,1,,0,0.4958838973640338,0.8883333333333334,0.5800000000000007,63.0441948682017,69.9915879565784
GAGGGAAGTCTTGGAGCCAC,TTGCCTGCTACCCTTGAGAC,"NES (1) (1), NESTIN (2) (1), Nestin (5) (1)","NESTIN (3) (1), Nestin (2) (1)",0.004,0.004,14,5," PMC3352872, PMC4922836, PMC5288128, PMC5833666, PMC6059729, PMC7251312, PMC8944334, PMC9052431,PMC10773078,PMC11589194,PMC5262457"," PMC4474813, PMC4773572, PMC5542902, PMC7227215,PMC10870454",113.0,0.0,XM_001116693.3,XM_001116693.3,1081.0,1206.0,1100.0,1225.0,forward,reverse_complement,XM_001116693.3,XM_001116693.3,60.69,60.34,60.0,55.0,11,5,3,2,4,,,,,,,,,,,,,,,,,,,,,"PMC10773078,PMC3352872,PMC4922836,PMC5262457,PMC5288128,PMC5833666,PMC6059729,PMC7251312,PMC8944334,PMC9052431",PMC11589194,"PMC4474813,PMC5542902,PMC7227215","PMC10870454,PMC4773572",10,1,3,2,,0,0.3409269674057088,0.901111111111111,0.8833333333333352,61.746348370285475,67.13330281672638
CAGGAGAAACAGGGCCTACA,TTGCCTGCTACCCTTGAGAC,"NESTIN (4) (1), Nestin (4) (1), PITPNB (1) (1)","NESTIN (3) (1), Nestin (2) (1)",0.004,0.004,15,5," PMC3419426, PMC3478269, PMC4055136, PMC4260724, PMC4918624, PMC5355113, PMC5460818, PMC5559447, PMC5752237, PMC5862611, PMC7140674, PMC7596448,PMC10543272,PMC11609684,PMC3044174"," PMC4474813, PMC4773572, PMC5542902, PMC7227215,PMC10870454",2.0,0.0,XM_001116693.3,XM_001116693.3,933.0,1206.0,952.0,1225.0,forward,reverse_complement,XM_001116693.3,XM_001116693.3,59.68,60.34,55.0,55.0,15,5,4,2,4,,,,,,,,,,,,,,,,,,,,,"PMC4260724,PMC4918624,PMC5355113,PMC5460818,PMC5559447,PMC5752237,PMC5862611,PMC7596448","PMC10543272,PMC11609684,PMC3044174,PMC3419426,PMC3478269,PMC4055136,PMC7140674","PMC4474813,PMC5542902,PMC7227215","PMC10870454,PMC4773572",8,7,3,2,,0,0.3404339292861282,0.963333333333333,0.7799999999999988,61.52169646430639,66.62756595707059
AGAGAAAGAAACAGCCATAGAGGG,TGGTTTTCCAGAGTCTTCAGTGA,"CAC (1) (1), MAP-2 (1) (1), NES (4) (1), NESTIN (2) (1), Nestin (3) (1), OLIG2 (1) (1), SOX2 (1) (1), nestin-S (1) (1)","GCA (1) (1), NES (3) (1), NESTIN (6) (1), Nestin (2) (1), NestinR (1) (1), PAX6 (1) (1)",2.58e-05,8.72e-05,18,21," PMC3731237, PMC3898470, PMC4050679, PMC4582557, PMC5485221, PMC5945579, PMC7603008, PMC7724848, PMC7809298, PMC7852318, PMC8101174, PMC9067149,PMC11642068,PMC5485221,PMC8511086"," PMC10886860, PMC3040184, PMC3429416, PMC4586002, PMC4762427, PMC5094695, PMC5392904, PMC5537359, PMC5738408, PMC5815497, PMC6114965, PMC6180579, PMC6316808, PMC7928331, PMC8151031, PMC8786925, PMC8928726, PMC9898924,PMC10287785,PMC3898746,PMC5537359",30.0,463.0,XM_001116693.3,XM_001116693.3,1643.0,1794.0,1666.0,1816.0,forward,reverse_complement,XM_001116693.3,XM_001116693.3,60.76,60.22,45.8,43.5,15,21,2,3,4,,,,,,,,,,,,,,,,,,,,,,"PMC11642068,PMC3731237,PMC3898470,PMC4050679,PMC4582557,PMC5485221,PMC5945579,PMC7603008,PMC7724848,PMC7809298,PMC7852318,PMC8101174,PMC8511086,PMC9067149","PMC10287785,PMC10886860,PMC3040184,PMC3429416,PMC3898746,PMC4586002,PMC4762427,PMC5094695,PMC5392904,PMC5537359,PMC5738408,PMC5815497,PMC6114965,PMC6180579,PMC6316808,PMC7928331,PMC8151031,PMC8786925,PMC8928726,PMC9898924",,0,14,20,0,,0,0.3533131274340524,0.903888888888889,0.8200000000000003,61.18232303836929,65.85783055023298
GAGGGAAGTCTTGGAGCCAC,TAAGAAAGGCTGGCACAGGT,"NES (1) (1), NESTIN (2) (1), Nestin (5) (1)","Nestin (2) (1), Nestin_R (2) (1), TUJ1 (1) (1)",0.004,0.004,14,9," PMC3352872, PMC4922836, PMC5288128, PMC5833666, PMC6059729, PMC7251312, PMC8944334, PMC9052431,PMC10773078,PMC11589194,PMC5262457"," PMC3511366, PMC3796557, PMC5460818, PMC6685151, PMC9344080,PMC11068800,PMC8350547",113.0,5.0,XM_001116693.3,XM_001116693.3,1081.0,1226.0,1100.0,1245.0,forward,reverse_complement,XM_001116693.3,XM_001116693.3,60.69,59.9,60.0,50.0,11,7,3,3,4,,,,,,,,,,,,,,,,,,,,,"PMC10773078,PMC3352872,PMC4922836,PMC5262457,PMC5288128,PMC5833666,PMC6059729,PMC7251312,PMC8944334,PMC9052431",PMC11589194,"PMC11068800,PMC3511366,PMC3796557,PMC5460818,PMC6685151,PMC9344080",PMC8350547,10,1,6,1,,0,0.3795592433809615,0.9144444444444446,0.736666666666667,61.144628835714755,65.77192026403016
GCGGGCTACTGAAAAGTTCC,CTCAAGATGTCCCTCAGCCT,"NES (2) (1), NESTIN (1) (1), Nestin (1) (1)","Brachyury (1) (1), GFAP (1) (1), NESTIN (3) (1), Nestin-R (1) (1), Notch1 (1) (1), hNESTIN (1) (1)",0.004,0.004,5,12," PMC4665172, PMC7904544, PMC9014446,PMC10825216,PMC12123202"," PMC4015273, PMC4029979, PMC4437468, PMC5856210, PMC6168994, PMC6172071, PMC9267053,PMC3339118,PMC4437468,PMC5614476",0.0,13.0,XM_001116693.3,XM_001116693.3,890.0,999.0,909.0,1018.0,forward,reverse_complement,XM_001116693.3,XM_001116693.3,59.84,59.46,55.0,55.0,5,10,3,2,4,,,,,,,,,,,,,,,,,,,,,"PMC10825216,PMC12123202,PMC4665172,PMC7904544,PMC9014446",,"PMC4437468,PMC6168994","PMC3339118,PMC4015273,PMC4029979,PMC5614476,PMC5856210,PMC6172071,PMC9267053",5,0,2,7,,0,0.28869772529650406,0.9611111111111112,0.8733333333333325,60.73488626482519,64.8328736736721
CAACCTCTGTTCCAACGCTG,TGTAGGCCCTGTTTCTCCTG,"NESTIN (1) (1), Nestin (4) (1)","NESTIN (4) (1), Nestin (4) (1), PITPNB (1) (1)",0.004,0.004,6,15," PMC4055128, PMC5167543, PMC6162704, PMC6207661,PMC10477235,PMC11609684"," PMC3419426, PMC3478269, PMC4055136, PMC4260724, PMC4918624, PMC5355113, PMC5460818, PMC5559447, PMC5752237, PMC5862611, PMC7140674, PMC7596448,PMC10543272,PMC11609684,PMC3044174",0.0,2.0,XM_001116693.3,XM_001116693.3,847.0,933.0,866.0,952.0,forward,reverse_complement,XM_001116693.3,XM_001116693.3,60.05,59.68,55.0,55.0,6,15,3,4,3,,,,,,,,,,,,,,,,,,,,,,"PMC10477235,PMC11609684,PMC4055128,PMC5167543,PMC6162704,PMC6207661","PMC10543272,PMC11609684,PMC3044174,PMC3419426,PMC3478269,PMC4055136,PMC7140674","PMC4260724,PMC4918624,PMC5355113,PMC5460818,PMC5559447,PMC5752237,PMC5862611,PMC7596448",0,6,7,8,,0,0.2683014611978691,0.9794444444444446,0.8766666666666675,60.331739726560144,63.90002166295421
AAGATGTCCCTCAGCCTGG,CTGCTACCCTTGAGACACCTG,"Mouse (1) (1), NESTIN (3) (1), Nestin (3) (1)","Human (1) (1), NES (5) (1), NESTIN (7) (1), NSC (1) (1), Nestin (13) (1), Nestin-F (1) (1), Nestin-forward (1) (1), hNESTIN (1) (1), hNESTIN-F (2) (1), nestin (1) (1)",0.011,0.001,10,38," PMC3352872, PMC5288128, PMC5833666, PMC6059729, PMC6283842,PMC10773078,PMC6059729,PMC6283842"," PMC11073496, PMC11387487, PMC11528465, PMC11749126, PMC4427554, PMC5333886, PMC5352199, PMC5663582, PMC5830957, PMC5926788, PMC5937771, PMC5943274, PMC5955139, PMC6221909, PMC6434175, PMC6598262, PMC6612138, PMC7181744, PMC7217206, PMC7466444, PMC7737267, PMC7876244, PMC8206106, PMC8416740, PMC8455897, PMC8786977, PMC8955038, PMC9077300, PMC9145659, PMC9295514, PMC9733565,PMC10413151,PMC10696058,PMC5504036,PMC8353354,PMC9065175,PMC9507388",55.0,70.0,XM_001116693.3,XM_001116693.3,1002.0,1210.0,1020.0,1230.0,forward,reverse_complement,XM_001116693.3,XM_001116693.3,59.36,60.72,57.9,57.1,8,37,3,2,4,,,,,,,,,,,,,,,,,,,,,"PMC10773078,PMC3352872,PMC5288128,PMC5833666,PMC6059729,PMC6283842",,"PMC10413151,PMC11073496,PMC11387487,PMC11528465,PMC11749126,PMC4427554,PMC5333886,PMC5352199,PMC5504036,PMC5663582,PMC5830957,PMC5926788,PMC5937771,PMC5943274,PMC5955139,PMC6221909,PMC6434175,PMC6598262,PMC6612138,PMC7181744,PMC7217206,PMC7466444,PMC7737267,PMC7876244,PMC8206106,PMC8353354,PMC8416740,PMC8455897,PMC8786977,PMC8955038,PMC9065175,PMC9077300,PMC9145659,PMC9295514,PMC9507388,PMC9733565",PMC10696058,6,0,36,1,,0,0.47682011051900564,0.8411111111111111,0.5466666666666669,60.00767219261696,63.144080142398906
AAGCTGAGGGAAGTCTTGGA,TAAGAAAGGCTGGCACAGGT,"GFAP (1) (1), Gene (1) (1), NES (1) (1), Nestin (2) (1), PROM1 (1) (1), SOX2 (1) (1), VIM (1) (1)","Nestin (2) (1), Nestin_R (2) (1), TUJ1 (1) (1)",0.004,0.004,8,9," PMC10858658, PMC11194218, PMC4769598, PMC5934884, PMC7468525, PMC7596448, PMC9851867,PMC10572469"," PMC3511366, PMC3796557, PMC5460818, PMC6685151, PMC9344080,PMC11068800,PMC8350547",0.0,5.0,XM_001116693.3,XM_001116693.3,1086.0,1226.0,1105.0,1245.0,forward,reverse_complement,XM_001116693.3,XM_001116693.3,58.94,59.9,50.0,50.0,8,7,4,3,4,,,,,,,,,,,,,,,,,,,,,"PMC10572469,PMC10858658,PMC11194218,PMC4769598,PMC5934884,PMC7468525,PMC7596448,PMC9851867",,"PMC11068800,PMC3511366,PMC3796557,PMC5460818,PMC6685151,PMC9344080",PMC8350547,8,0,6,1,,0,0.3593987406023814,0.9355555555555554,0.6799999999999997,59.63660369678573,62.27222778627729
AGGCTGAGGGACATCTTGAG,TGGGAGCAAAGATCCAAGAC,"Brachyury (1) (1), GFAP (1) (1), NESTIN (3) (1), Nestin-R (1) (1), Notch1 (1) (1), hNESTIN (1) (1)","Marker (1) (1), NES (4) (1), NES-R (1) (1), NESTIN (10) (1), Nestin (2) (1)",0.004,0.004,12,28," PMC4015273, PMC4029979, PMC4437468, PMC5856210, PMC6168994, PMC6172071, PMC9267053,PMC3339118,PMC4437468,PMC5614476"," PMC10907651, PMC11330932, PMC11608845, PMC12064636, PMC3140037, PMC3226302, PMC4486861, PMC4635383, PMC4918624, PMC5290732, PMC5752237, PMC5862611, PMC6115453, PMC7773901, PMC8604949, PMC8773741, PMC9266965,PMC10472524,PMC10907651,PMC4486861,PMC4807416,PMC5290732,PMC6115453",13.0,173.0,XM_001116693.3,XM_001116693.3,999.0,1156.0,1018.0,1175.0,forward,reverse_complement,XM_001116693.3,XM_001116693.3,59.46,58.16,55.0,50.0,10,23,2,4,5,,,,,,,,,,,,,,,,,,,,,"PMC3339118,PMC4015273,PMC4029979,PMC5614476,PMC5856210,PMC6172071,PMC9267053","PMC4437468,PMC6168994","PMC10472524,PMC10907651,PMC11330932,PMC11608845,PMC12064636,PMC3140037,PMC3226302,PMC4486861,PMC4635383,PMC4807416,PMC4918624,PMC5290732,PMC5752237,PMC5862611,PMC6115453,PMC7773901,PMC8604949,PMC8773741,PMC9266965",,7,2,19,0,,0,0.44228539869972117,0.8677777777777775,0.5666666666666653,59.48093660165269,61.90457642822289
GCGTTGGAACAGAGGTTGGA,GTGGCTCCAAGACTTCCCTC,"NES (5) (1), NESTIN (6) (1), Nestin (4) (1)","NES (1) (1), NESTIN (2) (1), Nestin (5) (1)",0.004,0.004,20,14," PMC12064636, PMC4486861, PMC5290732, PMC6115453, PMC6957566, PMC7773901, PMC8604949, PMC8773741, PMC8983830, PMC9266965,PMC10907651,PMC4486861,PMC4807416,PMC5290732,PMC6115453"," PMC3352872, PMC4922836, PMC5288128, PMC5833666, PMC6059729, PMC7251312, PMC8944334, PMC9052431,PMC10773078,PMC11589194,PMC5262457",173.0,113.0,XM_001116693.3,XM_001116693.3,849.0,1081.0,868.0,1100.0,forward,reverse_complement,XM_001116693.3,XM_001116693.3,61.19,60.69,55.0,60.0,15,11,3,3,5,,,,,,,,,,,,,,,,,,,,,"PMC10907651,PMC12064636,PMC4486861,PMC4807416,PMC5290732,PMC6115453,PMC6957566,PMC7773901,PMC8604949,PMC8773741,PMC8983830,PMC9266965",,PMC11589194,"PMC10773078,PMC3352872,PMC4922836,PMC5262457,PMC5288128,PMC5833666,PMC6059729,PMC7251312,PMC8944334,PMC9052431",12,0,1,10,,0,0.34028321489430324,0.8538888888888891,0.8333333333333334,59.297494078048494,61.46994447451861
CACAGCCAGCTGGAACTTTTC,GTGGCTCCAAGACTTCCCTC,"NES (1) (1), Rassf1a (1) (1), mNESTIN (1) (1)","NES (1) (1), NESTIN (2) (1), Nestin (5) (1)",0.001,0.004,4,14," PMC5832232, PMC5856210, PMC6286339,PMC5789973"," PMC3352872, PMC4922836, PMC5288128, PMC5833666, PMC6059729, PMC7251312, PMC8944334, PMC9052431,PMC10773078,PMC11589194,PMC5262457",0.0,113.0,XM_001116693.3,XM_001116693.3,900.0,1081.0,920.0,1100.0,forward,reverse_complement,XM_001116693.3,XM_001116693.3,60.65,60.69,52.4,60.0,4,11,8,3,5,,,,,,,,,,,,,,,,,,,,,"PMC5789973,PMC5832232,PMC5856210,PMC6286339",,PMC11589194,"PMC10773078,PMC3352872,PMC4922836,PMC5262457,PMC5288128,PMC5833666,PMC6059729,PMC7251312,PMC8944334,PMC9052431",4,0,1,10,,0,0.2584494723191799,0.8838888888888892,0.9866666666666669,59.17247361595901,61.17290100631689
GAACTTTTCAGTAGCCCGCA,TGTAGGCCCTGTTTCTCCTG,"NES (1) (1), NESTIN (3) (1), Nestin (4) (1), ProbeLibrary (1) (1), hu (1) (1)","NESTIN (4) (1), Nestin (4) (1), PITPNB (1) (1)",0.004,0.004,14,15," PMC3044174, PMC3339118, PMC3419426, PMC3478269, PMC4055136, PMC5856210, PMC7140674, PMC8241442, PMC8964316, PMC9267053,PMC10543272,PMC11608845,PMC5614476"," PMC3419426, PMC3478269, PMC4055136, PMC4260724, PMC4918624, PMC5355113, PMC5460818, PMC5559447, PMC5752237, PMC5862611, PMC7140674, PMC7596448,PMC10543272,PMC11609684,PMC3044174",3.0,2.0,XM_001116693.3,XM_001116693.3,889.0,933.0,908.0,952.0,forward,reverse_complement,XM_001116693.3,XM_001116693.3,59.13,59.68,50.0,55.0,13,15,3,4,3,,,,,,,,,,,,,,,,,,,,,,"PMC10543272,PMC11608845,PMC3044174,PMC3339118,PMC3419426,PMC3478269,PMC4055136,PMC5614476,PMC5856210,PMC7140674,PMC8241442,PMC8964316,PMC9267053","PMC10543272,PMC11609684,PMC3044174,PMC3419426,PMC3478269,PMC4055136,PMC7140674","PMC4260724,PMC4918624,PMC5355113,PMC5460818,PMC5559447,PMC5752237,PMC5862611,PMC7596448",0,13,7,8,,0,0.29199506080413723,0.933888888888889,0.8166666666666677,58.949753040206886,60.64211396522957
CACAGCCAGCTGGAACTTTTC,TGTAGGCCCTGTTTCTCCTG,"NES (1) (1), Rassf1a (1) (1), mNESTIN (1) (1)","NESTIN (4) (1), Nestin (4) (1), PITPNB (1) (1)",0.001,0.004,4,15," PMC5832232, PMC5856210, PMC6286339,PMC5789973"," PMC3419426, PMC3478269, PMC4055136, PMC4260724, PMC4918624, PMC5355113, PMC5460818, PMC5559447, PMC5752237, PMC5862611, PMC7140674, PMC7596448,PMC10543272,PMC11609684,PMC3044174",0.0,2.0,XM_001116693.3,XM_001116693.3,900.0,933.0,920.0,952.0,forward,reverse_complement,XM_001116693.3,XM_001116693.3,60.65,59.68,52.4,55.0,4,15,8,4,4,,,,,,,,,,,,,,,,,,,,,"PMC5789973,PMC5832232,PMC5856210,PMC6286339",,"PMC10543272,PMC11609684,PMC3044174,PMC3419426,PMC3478269,PMC4055136,PMC7140674","PMC4260724,PMC4918624,PMC5355113,PMC5460818,PMC5559447,PMC5752237,PMC5862611,PMC7596448",4,0,7,8,,0,0.33962368417993144,0.9461111111111111,0.676666666666667,58.89785087566325,60.51813222446558
AAGCTGAGGGAAGTCTTGGA,CTGCTACCCTTGAGACACCTG,"GFAP (1) (1), Gene (1) (1), NES (1) (1), Nestin (2) (1), PROM1 (1) (1), SOX2 (1) (1), VIM (1) (1)","Human (1) (1), NES (5) (1), NESTIN (7) (1), NSC (1) (1), Nestin (13) (1), Nestin-F (1) (1), Nestin-forward (1) (1), hNESTIN (1) (1), hNESTIN-F (2) (1), nestin (1) (1)",0.004,0.001,8,38," PMC10858658, PMC11194218, PMC4769598, PMC5934884, PMC7468525, PMC7596448, PMC9851867,PMC10572469"," PMC11073496, PMC11387487, PMC11528465, PMC11749126, PMC4427554, PMC5333886, PMC5352199, PMC5663582, PMC5830957, PMC5926788, PMC5937771, PMC5943274, PMC5955139, PMC6221909, PMC6434175, PMC6598262, PMC6612138, PMC7181744, PMC7217206, PMC7466444, PMC7737267, PMC7876244, PMC8206106, PMC8416740, PMC8455897, PMC8786977, PMC8955038, PMC9077300, PMC9145659, PMC9295514, PMC9733565,PMC10413151,PMC10696058,PMC5504036,PMC8353354,PMC9065175,PMC9507388",0.0,70.0,XM_001116693.3,XM_001116693.3,1086.0,1210.0,1105.0,1230.0,forward,reverse_complement,XM_001116693.3,XM_001116693.3,58.94,60.72,50.0,57.1,8,37,4,2,4,,,,,,,,,,,,,,,,,,,,,"PMC10572469,PMC10858658,PMC11194218,PMC4769598,PMC5934884,PMC7468525,PMC7596448,PMC9851867",,"PMC10413151,PMC11073496,PMC11387487,PMC11528465,PMC11749126,PMC4427554,PMC5333886,PMC5352199,PMC5504036,PMC5663582,PMC5830957,PMC5926788,PMC5937771,PMC5943274,PMC5955139,PMC6221909,PMC6434175,PMC6598262,PMC6612138,PMC7181744,PMC7217206,PMC7466444,PMC7737267,PMC7876244,PMC8206106,PMC8353354,PMC8416740,PMC8455897,PMC8786977,PMC8955038,PMC9065175,PMC9077300,PMC9145659,PMC9295514,PMC9507388,PMC9733565",PMC10696058,8,0,36,1,,0,0.49834366247265427,0.8594444444444443,0.4066666666666663,58.833849790299375,60.36510242920233
CAGGAGAAACAGGGCCTACA,CCAGGCTGAGGGACATCTT,"NESTIN (4) (1), Nestin (4) (1), PITPNB (1) (1)","Mouse (1) (1), NESTIN (3) (1), Nestin (3) (1)",0.004,0.011,15,10," PMC3419426, PMC3478269, PMC4055136, PMC4260724, PMC4918624, PMC5355113, PMC5460818, PMC5559447, PMC5752237, PMC5862611, PMC7140674, PMC7596448,PMC10543272,PMC11609684,PMC3044174"," PMC3352872, PMC5288128, PMC5833666, PMC6059729, PMC6283842,PMC10773078,PMC6059729,PMC6283842",2.0,55.0,XM_001116693.3,XM_001116693.3,933.0,1002.0,952.0,1020.0,forward,reverse_complement,XM_001116693.3,XM_001116693.3,59.68,59.36,55.0,57.9,15,8,4,3,4,,,,,,,,,,,,,,,,,,,,,"PMC4260724,PMC4918624,PMC5355113,PMC5460818,PMC5559447,PMC5752237,PMC5862611,PMC7596448","PMC10543272,PMC11609684,PMC3044174,PMC3419426,PMC3478269,PMC4055136,PMC7140674",,"PMC10773078,PMC3352872,PMC5288128,PMC5833666,PMC6059729,PMC6283842",8,7,0,6,,0,0.2743627267414907,0.9049999999999999,0.8933333333333332,58.7348030037412,60.12796229415069
AGGCTGAGGGACATCTTGAG,TTGCCTGCTACCCTTGAGAC,"Brachyury (1) (1), GFAP (1) (1), NESTIN (3) (1), Nestin-R (1) (1), Notch1 (1) (1), hNESTIN (1) (1)","NESTIN (3) (1), Nestin (2) (1)",0.004,0.004,12,5," PMC4015273, PMC4029979, PMC4437468, PMC5856210, PMC6168994, PMC6172071, PMC9267053,PMC3339118,PMC4437468,PMC5614476"," PMC4474813, PMC4773572, PMC5542902, PMC7227215,PMC10870454",13.0,0.0,XM_001116693.3,XM_001116693.3,999.0,1206.0,1018.0,1225.0,forward,reverse_complement,XM_001116693.3,XM_001116693.3,59.46,60.34,55.0,55.0,10,5,2,2,4,,,,,,,,,,,,,,,,,,,,,"PMC3339118,PMC4015273,PMC4029979,PMC5614476,PMC5856210,PMC6172071,PMC9267053","PMC4437468,PMC6168994","PMC4474813,PMC5542902,PMC7227215","PMC10870454,PMC4773572",7,2,3,2,,0,0.3183066995185083,0.9511111111111109,0.7066666666666659,58.58200164259206,59.761390153693384
GCGTTGGAACAGAGGTTGGA,TGTAGGCCCTGTTTCTCCTG,"NES (5) (1), NESTIN (6) (1), Nestin (4) (1)","NESTIN (4) (1), Nestin (4) (1), PITPNB (1) (1)",0.004,0.004,20,15," PMC12064636, PMC4486861, PMC5290732, PMC6115453, PMC6957566, PMC7773901, PMC8604949, PMC8773741, PMC8983830, PMC9266965,PMC10907651,PMC4486861,PMC4807416,PMC5290732,PMC6115453"," PMC3419426, PMC3478269, PMC4055136, PMC4260724, PMC4918624, PMC5355113, PMC5460818, PMC5559447, PMC5752237, PMC5862611, PMC7140674, PMC7596448,PMC10543272,PMC11609684,PMC3044174",173.0,2.0,XM_001116693.3,XM_001116693.3,849.0,933.0,868.0,952.0,forward,reverse_complement,XM_001116693.3,XM_001116693.3,61.19,59.68,55.0,55.0,15,15,3,4,5,,,,,,,,,,,,,,,,,,,,,"PMC10907651,PMC12064636,PMC4486861,PMC4807416,PMC5290732,PMC6115453,PMC6957566,PMC7773901,PMC8604949,PMC8773741,PMC8983830,PMC9266965",,"PMC10543272,PMC11609684,PMC3044174,PMC3419426,PMC3478269,PMC4055136,PMC7140674","PMC4260724,PMC4918624,PMC5355113,PMC5460818,PMC5559447,PMC5752237,PMC5862611,PMC7596448",12,0,7,8,,0,0.4214574267550547,0.9161111111111112,0.49666666666666737,58.489538004419416,59.53914903381731
TCAAGATGTCCCTCAGCCTGGA,TGGCACAGGTGTCTCAAGGGTAG,"GAPDH (1) (1), NES (3) (1), NESTIN (2) (1), Nestin (6) (1), h-NESTIN (1) (1)","AGG (1) (1), Lineage (1) (1), NES (6) (1), NESTIN (6) (1), NESTIN-rv (1) (1), Nestin (8) (1), Nestin-R (1) (1)",0.000345,8.72e-05,16,37," PMC10294964, PMC10741944, PMC11972463, PMC5768890, PMC6248975, PMC7796386, PMC8632963, PMC8947560, PMC9272358, PMC9469872, PMC9622861, PMC9830177, PMC9873505,PMC10003237,PMC10327182,PMC11267526"," PMC11693565, PMC2882506, PMC3875896, PMC4247692, PMC4395202, PMC4495055, PMC4938384, PMC5615990, PMC5706396, PMC5762281, PMC5811493, PMC5849042, PMC6294075, PMC6325792, PMC6399762, PMC6653499, PMC6770574, PMC7069952, PMC7641632, PMC7695642, PMC7952964, PMC8349903, PMC8748980, PMC8890865, PMC9220054,PMC10126842,PMC11949068,PMC12133876,PMC2882506,PMC5615990,PMC6376181,PMC8771565,PMC9020781",17.0,234.0,XM_001116693.3,XM_001116693.3,1000.0,1213.0,1021.0,1235.0,forward,reverse_complement,XM_001116693.3,XM_001116693.3,63.53,64.71,54.5,56.5,16,33,3,3,4,,,,,,,,,,,,,,,,,,,,,"PMC10003237,PMC10294964,PMC10327182,PMC10741944,PMC11267526,PMC11972463,PMC5768890,PMC6248975,PMC7796386,PMC8632963,PMC8947560,PMC9272358,PMC9469872,PMC9622861,PMC9830177,PMC9873505",,"PMC10126842,PMC11693565,PMC11949068,PMC12133876,PMC2882506,PMC3875896,PMC4247692,PMC4395202,PMC4495055,PMC4938384,PMC5615990,PMC5706396,PMC5762281,PMC5811493,PMC5849042,PMC6294075,PMC6325792,PMC6376181,PMC6399762,PMC6653499,PMC6770574,PMC7069952,PMC7641632,PMC7695642,PMC7952964,PMC8349903,PMC8748980,PMC8771565,PMC8890865,PMC9020781,PMC9220054",,16,0,31,0,,0,0.5394666844060407,0.625,0.6066666666666691,57.85666755363542,58.01010232980003
AAGATGTCCCTCAGCCTGG,TGGGAGCAAAGATCCAAGAC,"Mouse (1) (1), NESTIN (3) (1), Nestin (3) (1)","Marker (1) (1), NES (4) (1), NES-R (1) (1), NESTIN (10) (1), Nestin (2) (1)",0.011,0.004,10,28," PMC3352872, PMC5288128, PMC5833666, PMC6059729, PMC6283842,PMC10773078,PMC6059729,PMC6283842"," PMC10907651, PMC11330932, PMC11608845, PMC12064636, PMC3140037, PMC3226302, PMC4486861, PMC4635383, PMC4918624, PMC5290732, PMC5752237, PMC5862611, PMC6115453, PMC7773901, PMC8604949, PMC8773741, PMC9266965,PMC10472524,PMC10907651,PMC4486861,PMC4807416,PMC5290732,PMC6115453",55.0,173.0,XM_001116693.3,XM_001116693.3,1002.0,1156.0,1020.0,1175.0,forward,reverse_complement,XM_001116693.3,XM_001116693.3,59.36,58.16,57.9,50.0,8,23,3,4,4,,,,,,,,,,,,,,,,,,,,,"PMC10773078,PMC3352872,PMC5288128,PMC5833666,PMC6059729,PMC6283842",,"PMC10472524,PMC10907651,PMC11330932,PMC11608845,PMC12064636,PMC3140037,PMC3226302,PMC4486861,PMC4635383,PMC4807416,PMC4918624,PMC5290732,PMC5752237,PMC5862611,PMC6115453,PMC7773901,PMC8604949,PMC8773741,PMC9266965",,6,0,19,0,,0,0.423221611854693,0.8205555555555553,0.599999999999999,57.77774725940128,57.81852560902794
