f_sequence,r_sequence,f_author_gene_list,r_author_gene_list,f_evalue,r_evalue,f_Occurrence_Count,r_Occurrence_Count,f_pmcid_list,r_pmcid_list,f_Citation_Count,r_Citation_Count,f_gene1,r_gene1,f_start,r_start,f_end,r_end,f_orientation,r_orientation,f_gene,r_gene,f_Tm_C,r_Tm_C,f_GC_pct,r_GC_pct,f_pmcid_count,r_pmcid_count,f_self_comp,r_self_comp,pair_comp,f_cross_specificity_0,f_cross_specificity_0_seq,r_cross_specificity_0,r_cross_specificity_0_seq,f_cross_specificity_1,f_cross_specificity_1_seq,r_cross_specificity_1,r_cross_specificity_1_seq,f_cross_specificity_2,f_cross_specificity_2_seq,r_cross_specificity_2,r_cross_specificity_2_seq,f_cross_specificity_3,f_cross_specificity_3_seq,r_cross_specificity_3,r_cross_specificity_3_seq,f_cross_specificity_4,f_cross_specificity_4_seq,r_cross_specificity_4,r_cross_specificity_4_seq,f_reg_pmcid_list,f_inv_pmcid_list,r_reg_pmcid_list,r_inv_pmcid_list,f_reg_pmcid_count,f_inv_pmcid_count,r_reg_pmcid_count,r_inv_pmcid_count,pair_shared_pmcid_list,pair_shared_pmcid_count,evidence_score,biophysics_score,synergy_score,pickr_score,percentile
GCTCCTTCTTCATTCTTGCCCA,TGTCAGGATCCACAGGCATA,"Alpha (1) (1), SNCA (2) (1)","Reverse-ASYN (1) (1), SNCA (1) (1), Transgenic (1) (1)",0.000345,0.004,6,5," PMC4238782, PMC4618831, PMC9196909,PMC10880263,PMC7691639"," PMC5491553, PMC8125775, PMC9393581,PMC10452706,PMC5042324",19.0,380.0,XM_015138791.1,XM_015138791.1,346.0,392.0,367.0,411.0,forward,reverse_complement,XM_015138791.1,XM_015138791.1,61.55,58.79,50.0,50.0,5,5,2,6,4,,,,,,,,,MAST2,.......T...T..........,,,,,,,,,,,"PMC10880263,PMC4238782,PMC4618831,PMC7691639",PMC9196909,"PMC10452706,PMC5491553,PMC8125775,PMC9393581",PMC5042324,4,1,4,1,,0,0.2881415967049596,0.2116666666666667,0.08000000000000063,22.35707983524799,2.2673426641017196
GCTCCTTCTTCATTCTTGCCCA,GAGGCTTATGAAATGCCTTC,"Alpha (1) (1), SNCA (2) (1)",Snca (1) (1),0.000345,0.004,6,3," PMC4238782, PMC4618831, PMC9196909,PMC10880263,PMC7691639"," PMC7391509,PMC5830961",19.0,0.0,XM_015138791.1,XM_015138791.1,346.0,414.0,367.0,433.0,forward,reverse_complement,XM_015138791.1,XM_015138791.1,61.55,55.06,50.0,45.0,5,2,2,4,5,,,,,,,,,MAST2,.......T...T..........,,,,,,,,,,,"PMC10880263,PMC4238782,PMC4618831,PMC7691639",PMC9196909,,"PMC5830961,PMC7391509",4,1,0,2,,0,0.18162426523551634,0.18680555555555559,0.0,14.685379928442485,0.6612910022493608
