f_sequence,r_sequence,f_author_gene_list,r_author_gene_list,f_evalue,r_evalue,f_Occurrence_Count,r_Occurrence_Count,f_pmcid_list,r_pmcid_list,f_Citation_Count,r_Citation_Count,f_gene1,r_gene1,f_start,r_start,f_end,r_end,f_orientation,r_orientation,f_gene,r_gene,f_Tm_C,r_Tm_C,f_GC_pct,r_GC_pct,f_pmcid_count,r_pmcid_count,f_self_comp,r_self_comp,pair_comp,f_cross_specificity_0,f_cross_specificity_0_seq,r_cross_specificity_0,r_cross_specificity_0_seq,f_cross_specificity_1,f_cross_specificity_1_seq,r_cross_specificity_1,r_cross_specificity_1_seq,f_cross_specificity_2,f_cross_specificity_2_seq,r_cross_specificity_2,r_cross_specificity_2_seq,f_cross_specificity_3,f_cross_specificity_3_seq,r_cross_specificity_3,r_cross_specificity_3_seq,f_cross_specificity_4,f_cross_specificity_4_seq,r_cross_specificity_4,r_cross_specificity_4_seq,f_reg_pmcid_list,f_inv_pmcid_list,r_reg_pmcid_list,r_inv_pmcid_list,f_reg_pmcid_count,f_inv_pmcid_count,r_reg_pmcid_count,r_inv_pmcid_count,pair_shared_pmcid_list,pair_shared_pmcid_count,evidence_score,biophysics_score,synergy_score,pickr_score,percentile
CAAGTTCAACGGCACAGTCA,GGGTCATCATCTCTGCACCT,"GADPH (1) (1), GAPDH (28) (1), GAPDH-F (1) (1), Gapdh (4) (1), Gene (1) (1), Glyceraldehyde (1) (1), Hokkaido (1) (1), Maxima (1) (1), Rat-Gapdh-Long (1) (1), Rvs (1) (1), Sequence (1) (1), StepOnePlus (1) (1), Taget (1) (1), Target (1) (1), glyceraldehyde (1) (1), rGAPDH (2) (1)","DAPDH (1) (1), G3PDH (1) (1), GADPH (1) (1), GAPDH (111) (1), GAPDH-F (3) (1), Glyceraldehyde-3-phosphate (1) (1), MgCl (1) (1), NM_001034034 (1) (1), ZO-1 (1) (1)",3.5,0.87,57,124," PMC10283203, PMC10588246, PMC10781483, PMC10997931, PMC11234270, PMC11407055, PMC11436845, PMC11717017, PMC11969173, PMC12077435, PMC12102876, PMC4042159, PMC4235940, PMC4242407, PMC4245844, PMC4951504, PMC4991673, PMC5042912, PMC5354649, PMC5503227, PMC5664190, PMC5763109, PMC5842661, PMC5872544, PMC5878206, PMC6024375, PMC6151093, PMC6236311, PMC6295077, PMC6349201, PMC6450141, PMC6525198, PMC6539174, PMC6701320, PMC6838542, PMC6929417, PMC7011429, PMC7429751, PMC7519869, PMC7787033, PMC7794979, PMC7837563, PMC8002021, PMC8139161, PMC8194056, PMC8961308, PMC9366522, PMC9428790, PMC9596877, PMC9675109, PMC9688563, PMC9810656, PMC9822674, PMC9857073,PMC10250921,PMC6969028"," PMC10049502, PMC10144106, PMC10183583, PMC10205055, PMC10215827, PMC10353247, PMC10467142, PMC10537058, PMC10577946, PMC10668840, PMC10844290, PMC10867182, PMC10900626, PMC10910749, PMC11018944, PMC11084078, PMC11172500, PMC11188467, PMC11222854, PMC11226655, PMC11260031, PMC11395064, PMC11506304, PMC11530692, PMC11591463, PMC11639857, PMC11718956, PMC11746023, PMC11895244, PMC11942747, PMC11973270, PMC12021266, PMC12027075, PMC12116010, PMC2865165, PMC2976073, PMC3018137, PMC3056801, PMC3064593, PMC3177877, PMC3207927, PMC3837040, PMC3847308, PMC3851557, PMC3901558, PMC3975437, PMC4006809, PMC4093270, PMC4180839, PMC4243576, PMC4345813, PMC4353475, PMC4379073, PMC4744397, PMC4756532, PMC4891074, PMC4924273, PMC4966727, PMC5288341, PMC5347023, PMC5354862, PMC5662643, PMC5855938, PMC6127565, PMC6276186, PMC6325390, PMC6548822, PMC6563054, PMC6563294, PMC6664593, PMC6680671, PMC6722193, PMC6785638, PMC6912697, PMC7186304, PMC7238732, PMC7294674, PMC7375869, PMC7381234, PMC7414733, PMC7472369, PMC7517653, PMC7673597, PMC7684870, PMC7694315, PMC7786368, PMC7890263, PMC8173046, PMC8291223, PMC8356075, PMC8564303, PMC8567331, PMC8614563, PMC8753979, PMC8814581, PMC9026707, PMC9121101, PMC9137500, PMC9140735, PMC9147548, PMC9163156, PMC9179383, PMC9262717, PMC9275262, PMC9295012, PMC9324263, PMC9380335, PMC9478460, PMC9516411, PMC9533679, PMC9587240, PMC9632208, PMC9656489, PMC9688721, PMC9738492, PMC9781860, PMC9820639, PMC9950815, PMC9963637, PMC9996025,PMC10044098",69.0,0.0,NM_001034034.2,NM_001034034.2,227.0,418.0,246.0,437.0,forward,reverse_complement,GAPDH,GAPDH,59.63,59.83,50.0,55.0,56,121,3,4,3,,,,,,,,,,,,,,,,,,,,,"PMC10250921,PMC10588246,PMC10997931,PMC11234270,PMC11969173,PMC12077435,PMC4235940,PMC4242407,PMC4245844,PMC4991673,PMC5042912,PMC5763109,PMC5872544,PMC6024375,PMC6151093,PMC6236311,PMC6349201,PMC6450141,PMC6525198,PMC6539174,PMC6701320,PMC6929417,PMC6969028,PMC7429751,PMC7519869,PMC7837563,PMC8002021,PMC8961308,PMC9596877,PMC9822674","PMC10283203,PMC10781483,PMC11407055,PMC11436845,PMC11717017,PMC12102876,PMC4042159,PMC4951504,PMC5354649,PMC5503227,PMC5664190,PMC5842661,PMC5878206,PMC6295077,PMC6838542,PMC7011429,PMC7787033,PMC7794979,PMC8139161,PMC8194056,PMC9366522,PMC9428790,PMC9675109,PMC9688563,PMC9810656,PMC9857073","PMC10044098,PMC10049502,PMC10144106,PMC10183583,PMC10205055,PMC10215827,PMC10353247,PMC10467142,PMC10537058,PMC10577946,PMC10668840,PMC10844290,PMC10867182,PMC10900626,PMC10910749,PMC11018944,PMC11084078,PMC11172500,PMC11188467,PMC11222854,PMC11226655,PMC11260031,PMC11395064,PMC11506304,PMC11530692,PMC11591463,PMC11639857,PMC11718956,PMC11746023,PMC11895244,PMC11942747,PMC11973270,PMC12021266,PMC12027075,PMC12116010,PMC2865165,PMC2976073,PMC3018137,PMC3056801,PMC3064593,PMC3177877,PMC3207927,PMC3837040,PMC3847308,PMC3851557,PMC3901558,PMC3975437,PMC4006809,PMC4093270,PMC4180839,PMC4243576,PMC4345813,PMC4353475,PMC4379073,PMC4744397,PMC4756532,PMC4891074,PMC4924273,PMC4966727,PMC5288341,PMC5347023,PMC5354862,PMC5662643,PMC5855938,PMC6127565,PMC6276186,PMC6325390,PMC6548822,PMC6563054,PMC6563294,PMC6664593,PMC6680671,PMC6722193,PMC6785638,PMC6912697,PMC7186304,PMC7238732,PMC7294674,PMC7375869,PMC7381234,PMC7414733,PMC7472369,PMC7517653,PMC7673597,PMC7684870,PMC7694315,PMC7786368,PMC7890263,PMC8173046,PMC8291223,PMC8356075,PMC8564303,PMC8567331,PMC8614563,PMC8753979,PMC8814581,PMC9026707,PMC9121101,PMC9137500,PMC9140735,PMC9147548,PMC9163156,PMC9179383,PMC9262717,PMC9275262,PMC9295012,PMC9324263,PMC9380335,PMC9478460,PMC9516411,PMC9533679,PMC9587240,PMC9632208,PMC9656489,PMC9688721,PMC9738492,PMC9781860,PMC9820639,PMC9950815,PMC9963637,PMC9996025",,30,26,121,0,,0,0.7166336462329257,0.97,0.9333333333333348,83.59834897831297,96.40713910891789
AGTTCAACGGCACAGTCAAG,GGGTCATCATCTCTGCACCT,"AF106860 (1) (1), G-CSFR (1) (1), GAPDH (26) (1), GAPDH-rat-F (4) (1), Gapdh (13) (1), Gene (1) (1), Glyceraldehyde-3-phosphate (2) (1), Rat (1) (1), Rat-RT (1) (1), The (1) (1), XM_017593963.1 (1) (1), gapdh (1) (1), rat (1) (1)","DAPDH (1) (1), G3PDH (1) (1), GADPH (1) (1), GAPDH (111) (1), GAPDH-F (3) (1), Glyceraldehyde-3-phosphate (1) (1), MgCl (1) (1), NM_001034034 (1) (1), ZO-1 (1) (1)",14.0,0.87,67,124," PMC10536457, PMC10762278, PMC10849447, PMC10940715, PMC10968489, PMC11327439, PMC11468164, PMC11577613, PMC11793005, PMC11825845, PMC11848074, PMC11870862, PMC11935148, PMC12037881, PMC2613928, PMC2792153, PMC3142078, PMC3560665, PMC3786846, PMC3814312, PMC4016842, PMC4338147, PMC4480275, PMC4713065, PMC4968436, PMC5297758, PMC5338919, PMC5561782, PMC5574297, PMC5612814, PMC5638797, PMC5641094, PMC5770135, PMC6010993, PMC6090732, PMC6296074, PMC6465364, PMC6487426, PMC6599894, PMC6720052, PMC6777142, PMC6995541, PMC7338851, PMC7385464, PMC7445436, PMC7448506, PMC7481892, PMC7649396, PMC7692322, PMC7693093, PMC7755393, PMC7760711, PMC7797467, PMC8066303, PMC8358959, PMC8415403, PMC8461621, PMC9094579, PMC9235350, PMC9617019, PMC9658360,PMC10265658,PMC2780890,PMC2792153,PMC4191425,PMC8934971"," PMC10049502, PMC10144106, PMC10183583, PMC10205055, PMC10215827, PMC10353247, PMC10467142, PMC10537058, PMC10577946, PMC10668840, PMC10844290, PMC10867182, PMC10900626, PMC10910749, PMC11018944, PMC11084078, PMC11172500, PMC11188467, PMC11222854, PMC11226655, PMC11260031, PMC11395064, PMC11506304, PMC11530692, PMC11591463, PMC11639857, PMC11718956, PMC11746023, PMC11895244, PMC11942747, PMC11973270, PMC12021266, PMC12027075, PMC12116010, PMC2865165, PMC2976073, PMC3018137, PMC3056801, PMC3064593, PMC3177877, PMC3207927, PMC3837040, PMC3847308, PMC3851557, PMC3901558, PMC3975437, PMC4006809, PMC4093270, PMC4180839, PMC4243576, PMC4345813, PMC4353475, PMC4379073, PMC4744397, PMC4756532, PMC4891074, PMC4924273, PMC4966727, PMC5288341, PMC5347023, PMC5354862, PMC5662643, PMC5855938, PMC6127565, PMC6276186, PMC6325390, PMC6548822, PMC6563054, PMC6563294, PMC6664593, PMC6680671, PMC6722193, PMC6785638, PMC6912697, PMC7186304, PMC7238732, PMC7294674, PMC7375869, PMC7381234, PMC7414733, PMC7472369, PMC7517653, PMC7673597, PMC7684870, PMC7694315, PMC7786368, PMC7890263, PMC8173046, PMC8291223, PMC8356075, PMC8564303, PMC8567331, PMC8614563, PMC8753979, PMC8814581, PMC9026707, PMC9121101, PMC9137500, PMC9140735, PMC9147548, PMC9163156, PMC9179383, PMC9262717, PMC9275262, PMC9295012, PMC9324263, PMC9380335, PMC9478460, PMC9516411, PMC9533679, PMC9587240, PMC9632208, PMC9656489, PMC9688721, PMC9738492, PMC9781860, PMC9820639, PMC9950815, PMC9963637, PMC9996025,PMC10044098",326.0,0.0,NM_001034034.2,NM_001034034.2,229.0,418.0,248.0,437.0,forward,reverse_complement,GAPDH,GAPDH,59.34,59.83,50.0,55.0,66,121,3,4,3,,,,,,,,,,,,,,,,,,,,,"PMC10265658,PMC10536457,PMC10762278,PMC10849447,PMC10940715,PMC10968489,PMC11327439,PMC11468164,PMC11577613,PMC11793005,PMC11825845,PMC11848074,PMC11870862,PMC11935148,PMC12037881,PMC2613928,PMC2780890,PMC2792153,PMC3142078,PMC3560665,PMC3786846,PMC3814312,PMC4016842,PMC4191425,PMC4338147,PMC4480275,PMC4713065,PMC4968436,PMC5297758,PMC5338919,PMC5561782,PMC5574297,PMC5612814,PMC5638797,PMC5770135,PMC6010993,PMC6296074,PMC6465364,PMC6487426,PMC6599894,PMC6720052,PMC6777142,PMC6995541,PMC7338851,PMC7385464,PMC7445436,PMC7448506,PMC7481892,PMC7649396,PMC7692322,PMC7693093,PMC7755393,PMC7760711,PMC7797467,PMC8066303,PMC8358959,PMC8415403,PMC8461621,PMC8934971,PMC9094579,PMC9235350,PMC9617019,PMC9658360","PMC5641094,PMC6090732","PMC10044098,PMC10049502,PMC10144106,PMC10183583,PMC10205055,PMC10215827,PMC10353247,PMC10467142,PMC10537058,PMC10577946,PMC10668840,PMC10844290,PMC10867182,PMC10900626,PMC10910749,PMC11018944,PMC11084078,PMC11172500,PMC11188467,PMC11222854,PMC11226655,PMC11260031,PMC11395064,PMC11506304,PMC11530692,PMC11591463,PMC11639857,PMC11718956,PMC11746023,PMC11895244,PMC11942747,PMC11973270,PMC12021266,PMC12027075,PMC12116010,PMC2865165,PMC2976073,PMC3018137,PMC3056801,PMC3064593,PMC3177877,PMC3207927,PMC3837040,PMC3847308,PMC3851557,PMC3901558,PMC3975437,PMC4006809,PMC4093270,PMC4180839,PMC4243576,PMC4345813,PMC4353475,PMC4379073,PMC4744397,PMC4756532,PMC4891074,PMC4924273,PMC4966727,PMC5288341,PMC5347023,PMC5354862,PMC5662643,PMC5855938,PMC6127565,PMC6276186,PMC6325390,PMC6548822,PMC6563054,PMC6563294,PMC6664593,PMC6680671,PMC6722193,PMC6785638,PMC6912697,PMC7186304,PMC7238732,PMC7294674,PMC7375869,PMC7381234,PMC7414733,PMC7472369,PMC7517653,PMC7673597,PMC7684870,PMC7694315,PMC7786368,PMC7890263,PMC8173046,PMC8291223,PMC8356075,PMC8564303,PMC8567331,PMC8614563,PMC8753979,PMC8814581,PMC9026707,PMC9121101,PMC9137500,PMC9140735,PMC9147548,PMC9163156,PMC9179383,PMC9262717,PMC9275262,PMC9295012,PMC9324263,PMC9380335,PMC9478460,PMC9516411,PMC9533679,PMC9587240,PMC9632208,PMC9656489,PMC9688721,PMC9738492,PMC9781860,PMC9820639,PMC9950815,PMC9963637,PMC9996025",,63,2,121,0,,0,0.7589490081727439,0.953888888888889,0.8366666666666683,83.29745040863723,96.25718574517145
GGTTCACGCCCATCACAAAC,GTCTTCTGGGTGGCAGTGAT,"GAPDH (19) (1), GAPDH_1R (1) (1), Gapdh (1) (1), Gene (4) (1), Genes (1) (1), Glyceraldehyde-3-Phosphate (1) (1), HM043737.1 (1) (1), NM_001034034.2 (1) (1), The (1) (1), eGAPDH (1) (1), gapdh (4) (1), qH-GAPDH-F (1) (1)","AQP5 (1) (1), Accession (1) (1), Beta-actin (1) (1), Binding (1) (1), CCA (1) (1), CD147 (1) (1), CEACAM6 (1) (1), Canine (1) (1), Each (1) (1), Experiments (1) (1), For (2) (1), GADPH (2) (1), GAPD (1) (1), GAPDH (137) (1), GAPDH-201-R (1) (1), GAPDH-For (1) (1), GAPDH-R (9) (1), GAPDH-Rev (1) (1), GAPDH-Reverse (1) (1), GAPDH-forward (1) (1), GAPDH-fp (1) (1), GAPDH-qPCR (1) (1), GAPDH-rev (1) (1), GAPDH-reverse (4) (1), GAPDH.R (2) (1), GAPDH_rev (2) (1), GAPFw (1) (1), GAPPDH (1) (1), GSDMD (1) (1), Gapdh (21) (1), Gapdh/GAPDH (1) (1), Gene (3) (1), Genes (1) (1), Glyceraldehyd-3-phosphate (1) (1), Glyceraldehyde (2) (1), Glyceraldehyde-3-phosphate (1) (1), Hu-GAPDH-Reverse (1) (1), Human (1) (1), ID (1) (1), IL-6 (1) (1), KIF11 (1) (1), LCN2 (1) (1), Lcn2 (1) (1), Monkey-GAPDH (1) (1), OCSTAMP (1) (1), RT-PCR (1) (1), Rabbit (2) (1), Reactions (2) (1), Real-time (1) (1), Rvrs (1) (1), SLC45A1 (1) (1), SQLE (1) (1), SYBR (1) (1), Sequence-based (1) (1), Sigma (1) (1), TTTCTAGACG (1) (1), Target (1) (1), The (8) (1), WNVCp (1) (1), dehydrogenase (1) (1), gapdh (3) (1), h-GAPDH (1) (1), m-GAPDH (1) (1), mGAPDH (1) (1), mGAPDH-R (4) (1), qGAPDH-R (1) (1)",3.5,0.004,46,326," PMC10339941, PMC10348567, PMC10451965, PMC10918353, PMC11401735, PMC11555374, PMC11759767, PMC11806767, PMC166130, PMC3878325, PMC3972138, PMC3983882, PMC4053724, PMC446214, PMC4468096, PMC4779524, PMC4959553, PMC5082287, PMC5430879, PMC5507887, PMC5625832, PMC5892041, PMC6144160, PMC6316332, PMC6454860, PMC6525926, PMC6607305, PMC6923151, PMC6946967, PMC7191724, PMC7463081, PMC7652804, PMC7738052, PMC7785345, PMC7946636, PMC8280993, PMC8379647, PMC8869737, PMC9081506, PMC9098324, PMC9177072, PMC9303709, PMC9694927, PMC9830730,PMC10110545,PMC10175123"," PMC10159151, PMC10170831, PMC10177484, PMC10187930, PMC10236126, PMC10280140, PMC10301160, PMC10313696, PMC10341740, PMC10379155, PMC10390481, PMC10409819, PMC10435491, PMC10437074, PMC10476377, PMC10533531, PMC10599743, PMC10657345, PMC10661698, PMC10694244, PMC10710707, PMC10775805, PMC10779481, PMC10859882, PMC10876689, PMC10878038, PMC10905397, PMC10913529, PMC10967021, PMC10969948, PMC11005420, PMC11006195, PMC11021233, PMC11034355, PMC11094586, PMC11118509, PMC11144540, PMC11177108, PMC11220646, PMC11281704, PMC11342494, PMC11343802, PMC11417184, PMC11437871, PMC11446932, PMC11502809, PMC11531550, PMC11571809, PMC11748882, PMC11768971, PMC11780919, PMC11827542, PMC11828807, PMC11844281, PMC11848612, PMC11861627, PMC11977064, PMC11989254, PMC11992873, PMC12001472, PMC12027002, PMC12069744, PMC12086088, PMC2064026, PMC2064178, PMC2118675, PMC2171491, PMC2206730, PMC2292227, PMC2518705, PMC2527645, PMC2602786, PMC2614517, PMC2628925, PMC2716502, PMC2741461, PMC2791234, PMC2803300, PMC2836967, PMC2928358, PMC3017127, PMC3148569, PMC3258222, PMC3387497, PMC3461168, PMC3493503, PMC3546859, PMC3573772, PMC3577515, PMC3610707, PMC3646014, PMC3670474, PMC3725476, PMC3758276, PMC3789056, PMC3854615, PMC3874597, PMC3882792, PMC3887286, PMC3893557, PMC3906004, PMC3935879, PMC3947911, PMC3981789, PMC4013368, PMC4055128, PMC4093132, PMC4108405, PMC4126727, PMC4154763, PMC4169796, PMC4196775, PMC4201738, PMC4205098, PMC4207637, PMC4213001, PMC4221177, PMC4229867, PMC4309591, PMC4313674, PMC4369810, PMC4389669, PMC4409033, PMC4409148, PMC4437487, PMC4452373, PMC4503551, PMC4552867, PMC4560432, PMC4581253, PMC4632401, PMC4649524, PMC4664398, PMC4774095, PMC4792503, PMC4834114, PMC4864934, PMC4880889, PMC4895886, PMC4957915, PMC4959553, PMC5014622, PMC5055488, PMC5082287, PMC5117775, PMC5203924, PMC5228083, PMC5302784, PMC5356689, PMC5400626, PMC5452875, PMC5480060, PMC5482727, PMC5503544, PMC5650309, PMC5690650, PMC5713410, PMC5727764, PMC5746365, PMC5760363, PMC5776651, PMC5802492, PMC5819209, PMC5819663, PMC5825209, PMC5873529, PMC5889897, PMC5892041, PMC5907173, PMC5921986, PMC5928607, PMC6006380, PMC6140794, PMC6148242, PMC6155223, PMC6240148, PMC6274050, PMC6313105, PMC6316332, PMC6441895, PMC6466739, PMC6471825, PMC6520857, PMC6539464, PMC6572537, PMC6628367, PMC6652262, PMC6657172, PMC6683295, PMC6717735, PMC6722956, PMC6913639, PMC6944659, PMC7032126, PMC7036216, PMC7056934, PMC7057698, PMC7058709, PMC7077542, PMC7093497, PMC7109323, PMC7114505, PMC7162166, PMC7174588, PMC7180990, PMC7247600, PMC7281469, PMC7281947, PMC7288341, PMC7325267, PMC7347223, PMC7377059, PMC7445364, PMC7450704, PMC7469491, PMC7494942, PMC7517357, PMC7550977, PMC7567574, PMC7576269, PMC7652804, PMC7662296, PMC7674778, PMC7711879, PMC7732548, PMC7761716, PMC7765583, PMC7798103, PMC7826865, PMC7844569, PMC7877780, PMC7917843, PMC7948391, PMC7966362, PMC8025501, PMC8027210, PMC8038702, PMC8086136, PMC8105860, PMC8146902, PMC8152426, PMC8156047, PMC8190131, PMC8221637, PMC8245754, PMC8304756, PMC8339144, PMC8359977, PMC8371975, PMC8380647, PMC8424350, PMC8493686, PMC8506540, PMC8511012, PMC8547762, PMC8671938, PMC8752241, PMC8758139, PMC8779607, PMC8805820, PMC8806960, PMC8872013, PMC8909072, PMC8934344, PMC8941886, PMC8953566, PMC8962469, PMC8966161, PMC8968921, PMC8998440, PMC9024451, PMC9146009, PMC9174284, PMC9181681, PMC9224159, PMC9290999, PMC9307200, PMC9319664, PMC9338090, PMC9357648, PMC9378677, PMC9385636, PMC9396012, PMC9447329, PMC9485868, PMC9502078, PMC9652790, PMC9652819, PMC9701883, PMC9730544, PMC9803445, PMC9807547, PMC9820766, PMC9858937, PMC9867363, PMC9951484,PMC10154441,PMC10438390,PMC11576889,PMC2118675,PMC3204069,PMC4437487,PMC4503551,PMC4833724,PMC5070503,PMC5262454,PMC7731027,PMC7810773,PMC7948497,PMC7961797,PMC9220835,PMC9259931,PMC9287804,PMC9754288,PMC9840248,PMC9884217",8.0,842.0,NM_001034034.2,NM_001034034.2,455.0,606.0,474.0,625.0,forward,reverse_complement,GAPDH,GAPDH,60.68,60.34,55.0,55.0,46,316,3,3,5,,,,,,,,,,,,,,,,,,,,,"PMC10110545,PMC10175123,PMC10451965,PMC10918353,PMC11401735,PMC11555374,PMC11759767,PMC11806767,PMC3878325,PMC3972138,PMC4053724,PMC4468096,PMC5507887,PMC5625832,PMC6144160,PMC6607305,PMC6923151,PMC6946967,PMC7191724,PMC7463081,PMC7738052,PMC7946636,PMC8280993,PMC8379647,PMC8869737,PMC9081506,PMC9098324,PMC9303709,PMC9830730","PMC10339941,PMC10348567,PMC166130,PMC3983882,PMC446214,PMC4779524,PMC4959553,PMC5082287,PMC5430879,PMC5892041,PMC6316332,PMC6454860,PMC6525926,PMC7652804,PMC7785345,PMC9177072,PMC9694927","PMC10154441,PMC10159151,PMC10170831,PMC10177484,PMC10187930,PMC10301160,PMC10313696,PMC10379155,PMC10390481,PMC10409819,PMC10435491,PMC10437074,PMC10438390,PMC10533531,PMC10661698,PMC10694244,PMC10710707,PMC10779481,PMC10859882,PMC10876689,PMC10878038,PMC10913529,PMC10967021,PMC10969948,PMC11034355,PMC11094586,PMC11118509,PMC11144540,PMC11177108,PMC11281704,PMC11417184,PMC11446932,PMC11502809,PMC11531550,PMC11571809,PMC11748882,PMC11768971,PMC11828807,PMC11844281,PMC11848612,PMC11861627,PMC11977064,PMC12001472,PMC12027002,PMC12069744,PMC12086088,PMC2118675,PMC2171491,PMC2206730,PMC2292227,PMC2527645,PMC2602786,PMC2614517,PMC2628925,PMC2716502,PMC2741461,PMC2791234,PMC2928358,PMC3017127,PMC3258222,PMC3387497,PMC3461168,PMC3493503,PMC3610707,PMC3670474,PMC3887286,PMC3893557,PMC3906004,PMC3947911,PMC3981789,PMC4055128,PMC4126727,PMC4154763,PMC4169796,PMC4196775,PMC4207637,PMC4229867,PMC4369810,PMC4389669,PMC4409148,PMC4437487,PMC4552867,PMC4581253,PMC4632401,PMC4774095,PMC4792503,PMC4833724,PMC4864934,PMC4880889,PMC4895886,PMC4957915,PMC4959553,PMC5070503,PMC5082287,PMC5117775,PMC5203924,PMC5228083,PMC5262454,PMC5302784,PMC5400626,PMC5452875,PMC5482727,PMC5690650,PMC5713410,PMC5746365,PMC5760363,PMC5776651,PMC5802492,PMC5819209,PMC5825209,PMC5873529,PMC5889897,PMC5892041,PMC5907173,PMC5921986,PMC6140794,PMC6240148,PMC6313105,PMC6316332,PMC6441895,PMC6466739,PMC6471825,PMC6520857,PMC6572537,PMC6628367,PMC6652262,PMC6683295,PMC6717735,PMC6722956,PMC6944659,PMC7056934,PMC7057698,PMC7077542,PMC7093497,PMC7109323,PMC7114505,PMC7180990,PMC7281469,PMC7288341,PMC7325267,PMC7377059,PMC7445364,PMC7494942,PMC7517357,PMC7550977,PMC7652804,PMC7662296,PMC7711879,PMC7731027,PMC7761716,PMC7765583,PMC7810773,PMC7877780,PMC7917843,PMC7948497,PMC7961797,PMC8027210,PMC8038702,PMC8105860,PMC8190131,PMC8221637,PMC8304756,PMC8339144,PMC8359977,PMC8380647,PMC8424350,PMC8547762,PMC8758139,PMC8779607,PMC8805820,PMC8872013,PMC8909072,PMC8941886,PMC8962469,PMC8966161,PMC8968921,PMC8998440,PMC9024451,PMC9146009,PMC9174284,PMC9181681,PMC9224159,PMC9259931,PMC9287804,PMC9290999,PMC9307200,PMC9338090,PMC9357648,PMC9378677,PMC9385636,PMC9502078,PMC9652790,PMC9652819,PMC9754288,PMC9803445,PMC9807547,PMC9820766,PMC9840248,PMC9858937,PMC9867363,PMC9884217,PMC9951484","PMC10236126,PMC10280140,PMC10341740,PMC10476377,PMC10599743,PMC10657345,PMC10775805,PMC10905397,PMC11005420,PMC11006195,PMC11021233,PMC11220646,PMC11342494,PMC11343802,PMC11437871,PMC11576889,PMC11780919,PMC11827542,PMC11989254,PMC11992873,PMC2064026,PMC2064178,PMC2518705,PMC2803300,PMC2836967,PMC3148569,PMC3204069,PMC3546859,PMC3573772,PMC3577515,PMC3646014,PMC3725476,PMC3758276,PMC3789056,PMC3854615,PMC3874597,PMC3882792,PMC3935879,PMC4013368,PMC4093132,PMC4108405,PMC4201738,PMC4205098,PMC4213001,PMC4221177,PMC4309591,PMC4313674,PMC4409033,PMC4452373,PMC4503551,PMC4560432,PMC4649524,PMC4664398,PMC4834114,PMC5014622,PMC5055488,PMC5356689,PMC5480060,PMC5503544,PMC5650309,PMC5727764,PMC5819663,PMC5928607,PMC6006380,PMC6148242,PMC6155223,PMC6274050,PMC6539464,PMC6657172,PMC6913639,PMC7032126,PMC7036216,PMC7058709,PMC7162166,PMC7174588,PMC7247600,PMC7281947,PMC7347223,PMC7450704,PMC7469491,PMC7567574,PMC7576269,PMC7674778,PMC7732548,PMC7798103,PMC7826865,PMC7844569,PMC7948391,PMC7966362,PMC8025501,PMC8086136,PMC8146902,PMC8152426,PMC8156047,PMC8245754,PMC8371975,PMC8493686,PMC8506540,PMC8511012,PMC8671938,PMC8752241,PMC8806960,PMC8934344,PMC8953566,PMC9220835,PMC9319664,PMC9396012,PMC9447329,PMC9485868,PMC9701883,PMC9730544",29,17,202,111,,0,0.7406675911882232,0.9433333333333331,0.8866666666666679,83.0667128927445,96.13876680975305
GGTCATAAGTCCCTCCACGA,GTCTTCTGGGTGGCAGTGAT,"Direction (1) (1), G3PDH (1) (1), GADPH (2) (1), GAPDH (36) (1), GAPDH-R (5) (1), Gapdh (1) (1), Gene (16) (1), Genes (2) (1), Integrated (1) (1), MYOD1 (1) (1), NM_001034034.2 (1) (1), Product (1) (1), R1 (1) (1), Rovani (1) (1), Target (4) (1), The (1) (1), These (1) (1), Wang (1) (1), gapdh (1) (1)","AQP5 (1) (1), Accession (1) (1), Beta-actin (1) (1), Binding (1) (1), CCA (1) (1), CD147 (1) (1), CEACAM6 (1) (1), Canine (1) (1), Each (1) (1), Experiments (1) (1), For (2) (1), GADPH (2) (1), GAPD (1) (1), GAPDH (137) (1), GAPDH-201-R (1) (1), GAPDH-For (1) (1), GAPDH-R (9) (1), GAPDH-Rev (1) (1), GAPDH-Reverse (1) (1), GAPDH-forward (1) (1), GAPDH-fp (1) (1), GAPDH-qPCR (1) (1), GAPDH-rev (1) (1), GAPDH-reverse (4) (1), GAPDH.R (2) (1), GAPDH_rev (2) (1), GAPFw (1) (1), GAPPDH (1) (1), GSDMD (1) (1), Gapdh (21) (1), Gapdh/GAPDH (1) (1), Gene (3) (1), Genes (1) (1), Glyceraldehyd-3-phosphate (1) (1), Glyceraldehyde (2) (1), Glyceraldehyde-3-phosphate (1) (1), Hu-GAPDH-Reverse (1) (1), Human (1) (1), ID (1) (1), IL-6 (1) (1), KIF11 (1) (1), LCN2 (1) (1), Lcn2 (1) (1), Monkey-GAPDH (1) (1), OCSTAMP (1) (1), RT-PCR (1) (1), Rabbit (2) (1), Reactions (2) (1), Real-time (1) (1), Rvrs (1) (1), SLC45A1 (1) (1), SQLE (1) (1), SYBR (1) (1), Sequence-based (1) (1), Sigma (1) (1), TTTCTAGACG (1) (1), Target (1) (1), The (8) (1), WNVCp (1) (1), dehydrogenase (1) (1), gapdh (3) (1), h-GAPDH (1) (1), m-GAPDH (1) (1), mGAPDH (1) (1), mGAPDH-R (4) (1), qGAPDH-R (1) (1)",3.5,0.004,124,326," PMC10044098, PMC10049502, PMC10144106, PMC10183583, PMC10205055, PMC10215827, PMC10261739, PMC10295244, PMC10332596, PMC10353247, PMC10503823, PMC10525513, PMC10537058, PMC10713547, PMC10844290, PMC10893599, PMC10900626, PMC11018944, PMC11188467, PMC11222854, PMC11506304, PMC11530692, PMC11718956, PMC11736429, PMC11746023, PMC11895244, PMC11942747, PMC12027075, PMC12068370, PMC12116010, PMC2865165, PMC2976073, PMC3018137, PMC3056801, PMC3064593, PMC3177877, PMC3207927, PMC3332163, PMC3837040, PMC3847308, PMC3851557, PMC3901558, PMC3944365, PMC3960769, PMC3975437, PMC4006809, PMC4093132, PMC4180839, PMC4243576, PMC4345813, PMC4353475, PMC4438640, PMC4540297, PMC4744397, PMC4756532, PMC4891074, PMC4924273, PMC4966727, PMC5070142, PMC5109691, PMC5288341, PMC5347023, PMC5623059, PMC5662643, PMC5855938, PMC6060252, PMC6105743, PMC6226300, PMC6276186, PMC6325390, PMC6563054, PMC6680671, PMC6708849, PMC6720278, PMC6785638, PMC6912697, PMC6937854, PMC7189511, PMC7238732, PMC7294674, PMC7375869, PMC7381234, PMC7414733, PMC7484655, PMC7517653, PMC7673597, PMC7684870, PMC7694315, PMC7726576, PMC7786368, PMC8125194, PMC8162237, PMC8173046, PMC8274905, PMC8287747, PMC8356075, PMC8452032, PMC8505504, PMC8564303, PMC8567331, PMC8753979, PMC8803976, PMC8814581, PMC8981388, PMC9121101, PMC9140735, PMC9147548, PMC9163156, PMC9179383, PMC9219485, PMC9238091, PMC9275262, PMC9324263, PMC9334319, PMC9380335, PMC9516411, PMC9587240, PMC9632208, PMC9656489, PMC9738492, PMC9781860, PMC9963637, PMC9996025,PMC10003591"," PMC10159151, PMC10170831, PMC10177484, PMC10187930, PMC10236126, PMC10280140, PMC10301160, PMC10313696, PMC10341740, PMC10379155, PMC10390481, PMC10409819, PMC10435491, PMC10437074, PMC10476377, PMC10533531, PMC10599743, PMC10657345, PMC10661698, PMC10694244, PMC10710707, PMC10775805, PMC10779481, PMC10859882, PMC10876689, PMC10878038, PMC10905397, PMC10913529, PMC10967021, PMC10969948, PMC11005420, PMC11006195, PMC11021233, PMC11034355, PMC11094586, PMC11118509, PMC11144540, PMC11177108, PMC11220646, PMC11281704, PMC11342494, PMC11343802, PMC11417184, PMC11437871, PMC11446932, PMC11502809, PMC11531550, PMC11571809, PMC11748882, PMC11768971, PMC11780919, PMC11827542, PMC11828807, PMC11844281, PMC11848612, PMC11861627, PMC11977064, PMC11989254, PMC11992873, PMC12001472, PMC12027002, PMC12069744, PMC12086088, PMC2064026, PMC2064178, PMC2118675, PMC2171491, PMC2206730, PMC2292227, PMC2518705, PMC2527645, PMC2602786, PMC2614517, PMC2628925, PMC2716502, PMC2741461, PMC2791234, PMC2803300, PMC2836967, PMC2928358, PMC3017127, PMC3148569, PMC3258222, PMC3387497, PMC3461168, PMC3493503, PMC3546859, PMC3573772, PMC3577515, PMC3610707, PMC3646014, PMC3670474, PMC3725476, PMC3758276, PMC3789056, PMC3854615, PMC3874597, PMC3882792, PMC3887286, PMC3893557, PMC3906004, PMC3935879, PMC3947911, PMC3981789, PMC4013368, PMC4055128, PMC4093132, PMC4108405, PMC4126727, PMC4154763, PMC4169796, PMC4196775, PMC4201738, PMC4205098, PMC4207637, PMC4213001, PMC4221177, PMC4229867, PMC4309591, PMC4313674, PMC4369810, PMC4389669, PMC4409033, PMC4409148, PMC4437487, PMC4452373, PMC4503551, PMC4552867, PMC4560432, PMC4581253, PMC4632401, PMC4649524, PMC4664398, PMC4774095, PMC4792503, PMC4834114, PMC4864934, PMC4880889, PMC4895886, PMC4957915, PMC4959553, PMC5014622, PMC5055488, PMC5082287, PMC5117775, PMC5203924, PMC5228083, PMC5302784, PMC5356689, PMC5400626, PMC5452875, PMC5480060, PMC5482727, PMC5503544, PMC5650309, PMC5690650, PMC5713410, PMC5727764, PMC5746365, PMC5760363, PMC5776651, PMC5802492, PMC5819209, PMC5819663, PMC5825209, PMC5873529, PMC5889897, PMC5892041, PMC5907173, PMC5921986, PMC5928607, PMC6006380, PMC6140794, PMC6148242, PMC6155223, PMC6240148, PMC6274050, PMC6313105, PMC6316332, PMC6441895, PMC6466739, PMC6471825, PMC6520857, PMC6539464, PMC6572537, PMC6628367, PMC6652262, PMC6657172, PMC6683295, PMC6717735, PMC6722956, PMC6913639, PMC6944659, PMC7032126, PMC7036216, PMC7056934, PMC7057698, PMC7058709, PMC7077542, PMC7093497, PMC7109323, PMC7114505, PMC7162166, PMC7174588, PMC7180990, PMC7247600, PMC7281469, PMC7281947, PMC7288341, PMC7325267, PMC7347223, PMC7377059, PMC7445364, PMC7450704, PMC7469491, PMC7494942, PMC7517357, PMC7550977, PMC7567574, PMC7576269, PMC7652804, PMC7662296, PMC7674778, PMC7711879, PMC7732548, PMC7761716, PMC7765583, PMC7798103, PMC7826865, PMC7844569, PMC7877780, PMC7917843, PMC7948391, PMC7966362, PMC8025501, PMC8027210, PMC8038702, PMC8086136, PMC8105860, PMC8146902, PMC8152426, PMC8156047, PMC8190131, PMC8221637, PMC8245754, PMC8304756, PMC8339144, PMC8359977, PMC8371975, PMC8380647, PMC8424350, PMC8493686, PMC8506540, PMC8511012, PMC8547762, PMC8671938, PMC8752241, PMC8758139, PMC8779607, PMC8805820, PMC8806960, PMC8872013, PMC8909072, PMC8934344, PMC8941886, PMC8953566, PMC8962469, PMC8966161, PMC8968921, PMC8998440, PMC9024451, PMC9146009, PMC9174284, PMC9181681, PMC9224159, PMC9290999, PMC9307200, PMC9319664, PMC9338090, PMC9357648, PMC9378677, PMC9385636, PMC9396012, PMC9447329, PMC9485868, PMC9502078, PMC9652790, PMC9652819, PMC9701883, PMC9730544, PMC9803445, PMC9807547, PMC9820766, PMC9858937, PMC9867363, PMC9951484,PMC10154441,PMC10438390,PMC11576889,PMC2118675,PMC3204069,PMC4437487,PMC4503551,PMC4833724,PMC5070503,PMC5262454,PMC7731027,PMC7810773,PMC7948497,PMC7961797,PMC9220835,PMC9259931,PMC9287804,PMC9754288,PMC9840248,PMC9884217",0.0,842.0,NM_001034034.2,NM_001034034.2,574.0,606.0,593.0,625.0,forward,reverse_complement,GAPDH,GAPDH,59.18,60.34,55.0,55.0,124,316,2,3,4,,,,,,,,,,,,,,,,,,,,,"PMC10003591,PMC10044098,PMC10049502,PMC10144106,PMC10183583,PMC10205055,PMC10215827,PMC10261739,PMC10295244,PMC10332596,PMC10353247,PMC10503823,PMC10525513,PMC10537058,PMC10713547,PMC10844290,PMC10893599,PMC10900626,PMC11018944,PMC11188467,PMC11222854,PMC11506304,PMC11530692,PMC11718956,PMC11736429,PMC11746023,PMC11895244,PMC11942747,PMC12027075,PMC12068370,PMC12116010,PMC2865165,PMC2976073,PMC3018137,PMC3056801,PMC3064593,PMC3177877,PMC3207927,PMC3332163,PMC3837040,PMC3847308,PMC3851557,PMC3901558,PMC3944365,PMC3960769,PMC3975437,PMC4006809,PMC4093132,PMC4180839,PMC4243576,PMC4345813,PMC4353475,PMC4438640,PMC4540297,PMC4744397,PMC4756532,PMC4891074,PMC4924273,PMC4966727,PMC5070142,PMC5109691,PMC5288341,PMC5347023,PMC5623059,PMC5662643,PMC5855938,PMC6060252,PMC6105743,PMC6226300,PMC6276186,PMC6325390,PMC6563054,PMC6680671,PMC6708849,PMC6720278,PMC6785638,PMC6912697,PMC6937854,PMC7189511,PMC7238732,PMC7294674,PMC7375869,PMC7381234,PMC7414733,PMC7484655,PMC7517653,PMC7673597,PMC7684870,PMC7694315,PMC7726576,PMC7786368,PMC8125194,PMC8162237,PMC8173046,PMC8274905,PMC8287747,PMC8356075,PMC8452032,PMC8505504,PMC8564303,PMC8567331,PMC8753979,PMC8803976,PMC8814581,PMC8981388,PMC9121101,PMC9140735,PMC9147548,PMC9163156,PMC9179383,PMC9219485,PMC9238091,PMC9275262,PMC9324263,PMC9334319,PMC9380335,PMC9516411,PMC9587240,PMC9632208,PMC9656489,PMC9738492,PMC9781860,PMC9963637,PMC9996025",,"PMC10154441,PMC10159151,PMC10170831,PMC10177484,PMC10187930,PMC10301160,PMC10313696,PMC10379155,PMC10390481,PMC10409819,PMC10435491,PMC10437074,PMC10438390,PMC10533531,PMC10661698,PMC10694244,PMC10710707,PMC10779481,PMC10859882,PMC10876689,PMC10878038,PMC10913529,PMC10967021,PMC10969948,PMC11034355,PMC11094586,PMC11118509,PMC11144540,PMC11177108,PMC11281704,PMC11417184,PMC11446932,PMC11502809,PMC11531550,PMC11571809,PMC11748882,PMC11768971,PMC11828807,PMC11844281,PMC11848612,PMC11861627,PMC11977064,PMC12001472,PMC12027002,PMC12069744,PMC12086088,PMC2118675,PMC2171491,PMC2206730,PMC2292227,PMC2527645,PMC2602786,PMC2614517,PMC2628925,PMC2716502,PMC2741461,PMC2791234,PMC2928358,PMC3017127,PMC3258222,PMC3387497,PMC3461168,PMC3493503,PMC3610707,PMC3670474,PMC3887286,PMC3893557,PMC3906004,PMC3947911,PMC3981789,PMC4055128,PMC4126727,PMC4154763,PMC4169796,PMC4196775,PMC4207637,PMC4229867,PMC4369810,PMC4389669,PMC4409148,PMC4437487,PMC4552867,PMC4581253,PMC4632401,PMC4774095,PMC4792503,PMC4833724,PMC4864934,PMC4880889,PMC4895886,PMC4957915,PMC4959553,PMC5070503,PMC5082287,PMC5117775,PMC5203924,PMC5228083,PMC5262454,PMC5302784,PMC5400626,PMC5452875,PMC5482727,PMC5690650,PMC5713410,PMC5746365,PMC5760363,PMC5776651,PMC5802492,PMC5819209,PMC5825209,PMC5873529,PMC5889897,PMC5892041,PMC5907173,PMC5921986,PMC6140794,PMC6240148,PMC6313105,PMC6316332,PMC6441895,PMC6466739,PMC6471825,PMC6520857,PMC6572537,PMC6628367,PMC6652262,PMC6683295,PMC6717735,PMC6722956,PMC6944659,PMC7056934,PMC7057698,PMC7077542,PMC7093497,PMC7109323,PMC7114505,PMC7180990,PMC7281469,PMC7288341,PMC7325267,PMC7377059,PMC7445364,PMC7494942,PMC7517357,PMC7550977,PMC7652804,PMC7662296,PMC7711879,PMC7731027,PMC7761716,PMC7765583,PMC7810773,PMC7877780,PMC7917843,PMC7948497,PMC7961797,PMC8027210,PMC8038702,PMC8105860,PMC8190131,PMC8221637,PMC8304756,PMC8339144,PMC8359977,PMC8380647,PMC8424350,PMC8547762,PMC8758139,PMC8779607,PMC8805820,PMC8872013,PMC8909072,PMC8941886,PMC8962469,PMC8966161,PMC8968921,PMC8998440,PMC9024451,PMC9146009,PMC9174284,PMC9181681,PMC9224159,PMC9259931,PMC9287804,PMC9290999,PMC9307200,PMC9338090,PMC9357648,PMC9378677,PMC9385636,PMC9502078,PMC9652790,PMC9652819,PMC9754288,PMC9803445,PMC9807547,PMC9820766,PMC9840248,PMC9858937,PMC9867363,PMC9884217,PMC9951484","PMC10236126,PMC10280140,PMC10341740,PMC10476377,PMC10599743,PMC10657345,PMC10775805,PMC10905397,PMC11005420,PMC11006195,PMC11021233,PMC11220646,PMC11342494,PMC11343802,PMC11437871,PMC11576889,PMC11780919,PMC11827542,PMC11989254,PMC11992873,PMC2064026,PMC2064178,PMC2518705,PMC2803300,PMC2836967,PMC3148569,PMC3204069,PMC3546859,PMC3573772,PMC3577515,PMC3646014,PMC3725476,PMC3758276,PMC3789056,PMC3854615,PMC3874597,PMC3882792,PMC3935879,PMC4013368,PMC4093132,PMC4108405,PMC4201738,PMC4205098,PMC4213001,PMC4221177,PMC4309591,PMC4313674,PMC4409033,PMC4452373,PMC4503551,PMC4560432,PMC4649524,PMC4664398,PMC4834114,PMC5014622,PMC5055488,PMC5356689,PMC5480060,PMC5503544,PMC5650309,PMC5727764,PMC5819663,PMC5928607,PMC6006380,PMC6148242,PMC6155223,PMC6274050,PMC6539464,PMC6657172,PMC6913639,PMC7032126,PMC7036216,PMC7058709,PMC7162166,PMC7174588,PMC7247600,PMC7281947,PMC7347223,PMC7450704,PMC7469491,PMC7567574,PMC7576269,PMC7674778,PMC7732548,PMC7798103,PMC7826865,PMC7844569,PMC7948391,PMC7966362,PMC8025501,PMC8086136,PMC8146902,PMC8152426,PMC8156047,PMC8245754,PMC8371975,PMC8493686,PMC8506540,PMC8511012,PMC8671938,PMC8752241,PMC8806960,PMC8934344,PMC8953566,PMC9220835,PMC9319664,PMC9396012,PMC9447329,PMC9485868,PMC9701883,PMC9730544",124,0,202,111,,0,0.8365739266945004,0.9355555555555553,0.6133333333333322,82.16202966805832,95.64469500807797
GGTCATAAGTCCCTCCACGA,CCACCCAGAAGACTGTGGAT,"Direction (1) (1), G3PDH (1) (1), GADPH (2) (1), GAPDH (36) (1), GAPDH-R (5) (1), Gapdh (1) (1), Gene (16) (1), Genes (2) (1), Integrated (1) (1), MYOD1 (1) (1), NM_001034034.2 (1) (1), Product (1) (1), R1 (1) (1), Rovani (1) (1), Target (4) (1), The (1) (1), These (1) (1), Wang (1) (1), gapdh (1) (1)","Bovine (1) (1), ChIP (2) (1), For (1) (1), GADPH (2) (1), GAPDH (1), GAPDH (37) (1), GAPDH-R (1) (1), GGG-3 (1) (1), GU214026 (1) (1), Gapdh (3) (1), Gapdh_R.P (1) (1), Genes (1) (1), Human (1) (1), HumanGAPDH-F (1) (1), IDT (1) (1), K17 (1) (1), Mouse (1) (1), Name (1) (1), Relative (2) (1), The (1) (1), ULK1-R (1) (1), h-GAPDH (1) (1)",3.5,0.004,124,75," PMC10044098, PMC10049502, PMC10144106, PMC10183583, PMC10205055, PMC10215827, PMC10261739, PMC10295244, PMC10332596, PMC10353247, PMC10503823, PMC10525513, PMC10537058, PMC10713547, PMC10844290, PMC10893599, PMC10900626, PMC11018944, PMC11188467, PMC11222854, PMC11506304, PMC11530692, PMC11718956, PMC11736429, PMC11746023, PMC11895244, PMC11942747, PMC12027075, PMC12068370, PMC12116010, PMC2865165, PMC2976073, PMC3018137, PMC3056801, PMC3064593, PMC3177877, PMC3207927, PMC3332163, PMC3837040, PMC3847308, PMC3851557, PMC3901558, PMC3944365, PMC3960769, PMC3975437, PMC4006809, PMC4093132, PMC4180839, PMC4243576, PMC4345813, PMC4353475, PMC4438640, PMC4540297, PMC4744397, PMC4756532, PMC4891074, PMC4924273, PMC4966727, PMC5070142, PMC5109691, PMC5288341, PMC5347023, PMC5623059, PMC5662643, PMC5855938, PMC6060252, PMC6105743, PMC6226300, PMC6276186, PMC6325390, PMC6563054, PMC6680671, PMC6708849, PMC6720278, PMC6785638, PMC6912697, PMC6937854, PMC7189511, PMC7238732, PMC7294674, PMC7375869, PMC7381234, PMC7414733, PMC7484655, PMC7517653, PMC7673597, PMC7684870, PMC7694315, PMC7726576, PMC7786368, PMC8125194, PMC8162237, PMC8173046, PMC8274905, PMC8287747, PMC8356075, PMC8452032, PMC8505504, PMC8564303, PMC8567331, PMC8753979, PMC8803976, PMC8814581, PMC8981388, PMC9121101, PMC9140735, PMC9147548, PMC9163156, PMC9179383, PMC9219485, PMC9238091, PMC9275262, PMC9324263, PMC9334319, PMC9380335, PMC9516411, PMC9587240, PMC9632208, PMC9656489, PMC9738492, PMC9781860, PMC9963637, PMC9996025,PMC10003591"," PMC10079967, PMC10288410, PMC10417424, PMC10552107, PMC11035135, PMC11245498, PMC11371332, PMC11698831, PMC12074815, PMC2430575, PMC2612995, PMC3102612, PMC3261190, PMC3600535, PMC3614942, PMC3790238, PMC3805565, PMC3875784, PMC4106792, PMC4181779, PMC4319924, PMC4486777, PMC4524442, PMC4937099, PMC5346678, PMC5379945, PMC5646326, PMC5670205, PMC5771160, PMC5775404, PMC6003558, PMC6008445, PMC6180208, PMC6254932, PMC6344584, PMC6367548, PMC6419422, PMC6434084, PMC6487108, PMC6509054, PMC6585407, PMC6611815, PMC6824770, PMC6827109, PMC6855151, PMC6959572, PMC7018981, PMC7109318, PMC7411367, PMC7493860, PMC7667319, PMC7804954, PMC7852215, PMC8163867, PMC8665432, PMC8866175, PMC9034082, PMC9374586, PMC9411925, PMC9745654, PMC9827550,PMC10060357,PMC10092267,PMC11603164,PMC2612995,PMC3790238,PMC5670205,PMC6600174,PMC6815943,PMC8664267",0.0,908.0,NM_001034034.2,NM_001034034.2,574.0,613.0,593.0,632.0,forward,reverse_complement,GAPDH,GAPDH,59.18,59.68,55.0,55.0,124,70,2,4,5,,,,,,,,,,,,,,,,,,,,,"PMC10003591,PMC10044098,PMC10049502,PMC10144106,PMC10183583,PMC10205055,PMC10215827,PMC10261739,PMC10295244,PMC10332596,PMC10353247,PMC10503823,PMC10525513,PMC10537058,PMC10713547,PMC10844290,PMC10893599,PMC10900626,PMC11018944,PMC11188467,PMC11222854,PMC11506304,PMC11530692,PMC11718956,PMC11736429,PMC11746023,PMC11895244,PMC11942747,PMC12027075,PMC12068370,PMC12116010,PMC2865165,PMC2976073,PMC3018137,PMC3056801,PMC3064593,PMC3177877,PMC3207927,PMC3332163,PMC3837040,PMC3847308,PMC3851557,PMC3901558,PMC3944365,PMC3960769,PMC3975437,PMC4006809,PMC4093132,PMC4180839,PMC4243576,PMC4345813,PMC4353475,PMC4438640,PMC4540297,PMC4744397,PMC4756532,PMC4891074,PMC4924273,PMC4966727,PMC5070142,PMC5109691,PMC5288341,PMC5347023,PMC5623059,PMC5662643,PMC5855938,PMC6060252,PMC6105743,PMC6226300,PMC6276186,PMC6325390,PMC6563054,PMC6680671,PMC6708849,PMC6720278,PMC6785638,PMC6912697,PMC6937854,PMC7189511,PMC7238732,PMC7294674,PMC7375869,PMC7381234,PMC7414733,PMC7484655,PMC7517653,PMC7673597,PMC7684870,PMC7694315,PMC7726576,PMC7786368,PMC8125194,PMC8162237,PMC8173046,PMC8274905,PMC8287747,PMC8356075,PMC8452032,PMC8505504,PMC8564303,PMC8567331,PMC8753979,PMC8803976,PMC8814581,PMC8981388,PMC9121101,PMC9140735,PMC9147548,PMC9163156,PMC9179383,PMC9219485,PMC9238091,PMC9275262,PMC9324263,PMC9334319,PMC9380335,PMC9516411,PMC9587240,PMC9632208,PMC9656489,PMC9738492,PMC9781860,PMC9963637,PMC9996025",,"PMC10060357,PMC10092267,PMC10552107,PMC11035135,PMC11698831,PMC12074815,PMC2430575,PMC2612995,PMC3261190,PMC3614942,PMC3805565,PMC4106792,PMC4181779,PMC4319924,PMC4524442,PMC4937099,PMC5346678,PMC5379945,PMC5646326,PMC5670205,PMC5775404,PMC6003558,PMC6180208,PMC6434084,PMC6509054,PMC6600174,PMC6611815,PMC6815943,PMC6824770,PMC6855151,PMC6959572,PMC7109318,PMC7411367,PMC7493860,PMC7667319,PMC7804954,PMC7852215,PMC8163867,PMC8665432,PMC9034082,PMC9374586,PMC9411925,PMC9745654","PMC10079967,PMC10288410,PMC10417424,PMC11245498,PMC11371332,PMC11603164,PMC3102612,PMC3600535,PMC3790238,PMC3875784,PMC4486777,PMC5771160,PMC6008445,PMC6254932,PMC6344584,PMC6367548,PMC6419422,PMC6487108,PMC6585407,PMC6827109,PMC7018981,PMC8664267,PMC8866175,PMC9827550",124,0,43,24,,0,0.7415176457838706,0.9366666666666665,0.8333333333333334,81.84254895586021,95.45847933517624
ACATACTCAGCACCAGCATCAC,GTCTTCTGGGTGGCAGTGAT,"BoGAPDH-qR (1) (1), BoGAPDHA (1) (1), BtauGAPDH-R (2) (1), CXCL10 (1) (1), Cow (1) (1), GADPH (1) (1), GAPD (1) (1), GAPDH (16) (1), GAPDH-F (1) (1), GAPDH-R (2) (1), GAPDH1 (1) (1), GAPDH2_B (1) (1), Gene (1) (1), Name (1) (1), R-GAPDH-R (1) (1), R-primer (1) (1), Rattus-Gapdh-R (1) (1), The (3) (1), rat-GAPDH-reverse (1) (1)","AQP5 (1) (1), Accession (1) (1), Beta-actin (1) (1), Binding (1) (1), CCA (1) (1), CD147 (1) (1), CEACAM6 (1) (1), Canine (1) (1), Each (1) (1), Experiments (1) (1), For (2) (1), GADPH (2) (1), GAPD (1) (1), GAPDH (137) (1), GAPDH-201-R (1) (1), GAPDH-For (1) (1), GAPDH-R (9) (1), GAPDH-Rev (1) (1), GAPDH-Reverse (1) (1), GAPDH-forward (1) (1), GAPDH-fp (1) (1), GAPDH-qPCR (1) (1), GAPDH-rev (1) (1), GAPDH-reverse (4) (1), GAPDH.R (2) (1), GAPDH_rev (2) (1), GAPFw (1) (1), GAPPDH (1) (1), GSDMD (1) (1), Gapdh (21) (1), Gapdh/GAPDH (1) (1), Gene (3) (1), Genes (1) (1), Glyceraldehyd-3-phosphate (1) (1), Glyceraldehyde (2) (1), Glyceraldehyde-3-phosphate (1) (1), Hu-GAPDH-Reverse (1) (1), Human (1) (1), ID (1) (1), IL-6 (1) (1), KIF11 (1) (1), LCN2 (1) (1), Lcn2 (1) (1), Monkey-GAPDH (1) (1), OCSTAMP (1) (1), RT-PCR (1) (1), Rabbit (2) (1), Reactions (2) (1), Real-time (1) (1), Rvrs (1) (1), SLC45A1 (1) (1), SQLE (1) (1), SYBR (1) (1), Sequence-based (1) (1), Sigma (1) (1), TTTCTAGACG (1) (1), Target (1) (1), The (8) (1), WNVCp (1) (1), dehydrogenase (1) (1), gapdh (3) (1), h-GAPDH (1) (1), m-GAPDH (1) (1), mGAPDH (1) (1), mGAPDH-R (4) (1), qGAPDH-R (1) (1)",5.2,0.004,56,326," PMC10294607, PMC10573426, PMC10607261, PMC11119058, PMC11124176, PMC11236931, PMC11302460, PMC11538678, PMC11565677, PMC11773957, PMC11790752, PMC1315359, PMC3224571, PMC3278664, PMC3315523, PMC3511184, PMC3569626, PMC3937011, PMC3968062, PMC4179812, PMC4521469, PMC4581756, PMC5087947, PMC5568205, PMC5571561, PMC5609973, PMC5647699, PMC5679375, PMC5765104, PMC5884578, PMC6124576, PMC6214003, PMC6236223, PMC6459987, PMC6612098, PMC6617669, PMC6713719, PMC6930770, PMC7127041, PMC7327068, PMC7327924, PMC7554725, PMC7662560, PMC7875910, PMC7876495, PMC8029671, PMC8446698, PMC8759875, PMC8868460, PMC9224199, PMC9575285, PMC9635879, PMC9694000,PMC10167888,PMC7827688"," PMC10159151, PMC10170831, PMC10177484, PMC10187930, PMC10236126, PMC10280140, PMC10301160, PMC10313696, PMC10341740, PMC10379155, PMC10390481, PMC10409819, PMC10435491, PMC10437074, PMC10476377, PMC10533531, PMC10599743, PMC10657345, PMC10661698, PMC10694244, PMC10710707, PMC10775805, PMC10779481, PMC10859882, PMC10876689, PMC10878038, PMC10905397, PMC10913529, PMC10967021, PMC10969948, PMC11005420, PMC11006195, PMC11021233, PMC11034355, PMC11094586, PMC11118509, PMC11144540, PMC11177108, PMC11220646, PMC11281704, PMC11342494, PMC11343802, PMC11417184, PMC11437871, PMC11446932, PMC11502809, PMC11531550, PMC11571809, PMC11748882, PMC11768971, PMC11780919, PMC11827542, PMC11828807, PMC11844281, PMC11848612, PMC11861627, PMC11977064, PMC11989254, PMC11992873, PMC12001472, PMC12027002, PMC12069744, PMC12086088, PMC2064026, PMC2064178, PMC2118675, PMC2171491, PMC2206730, PMC2292227, PMC2518705, PMC2527645, PMC2602786, PMC2614517, PMC2628925, PMC2716502, PMC2741461, PMC2791234, PMC2803300, PMC2836967, PMC2928358, PMC3017127, PMC3148569, PMC3258222, PMC3387497, PMC3461168, PMC3493503, PMC3546859, PMC3573772, PMC3577515, PMC3610707, PMC3646014, PMC3670474, PMC3725476, PMC3758276, PMC3789056, PMC3854615, PMC3874597, PMC3882792, PMC3887286, PMC3893557, PMC3906004, PMC3935879, PMC3947911, PMC3981789, PMC4013368, PMC4055128, PMC4093132, PMC4108405, PMC4126727, PMC4154763, PMC4169796, PMC4196775, PMC4201738, PMC4205098, PMC4207637, PMC4213001, PMC4221177, PMC4229867, PMC4309591, PMC4313674, PMC4369810, PMC4389669, PMC4409033, PMC4409148, PMC4437487, PMC4452373, PMC4503551, PMC4552867, PMC4560432, PMC4581253, PMC4632401, PMC4649524, PMC4664398, PMC4774095, PMC4792503, PMC4834114, PMC4864934, PMC4880889, PMC4895886, PMC4957915, PMC4959553, PMC5014622, PMC5055488, PMC5082287, PMC5117775, PMC5203924, PMC5228083, PMC5302784, PMC5356689, PMC5400626, PMC5452875, PMC5480060, PMC5482727, PMC5503544, PMC5650309, PMC5690650, PMC5713410, PMC5727764, PMC5746365, PMC5760363, PMC5776651, PMC5802492, PMC5819209, PMC5819663, PMC5825209, PMC5873529, PMC5889897, PMC5892041, PMC5907173, PMC5921986, PMC5928607, PMC6006380, PMC6140794, PMC6148242, PMC6155223, PMC6240148, PMC6274050, PMC6313105, PMC6316332, PMC6441895, PMC6466739, PMC6471825, PMC6520857, PMC6539464, PMC6572537, PMC6628367, PMC6652262, PMC6657172, PMC6683295, PMC6717735, PMC6722956, PMC6913639, PMC6944659, PMC7032126, PMC7036216, PMC7056934, PMC7057698, PMC7058709, PMC7077542, PMC7093497, PMC7109323, PMC7114505, PMC7162166, PMC7174588, PMC7180990, PMC7247600, PMC7281469, PMC7281947, PMC7288341, PMC7325267, PMC7347223, PMC7377059, PMC7445364, PMC7450704, PMC7469491, PMC7494942, PMC7517357, PMC7550977, PMC7567574, PMC7576269, PMC7652804, PMC7662296, PMC7674778, PMC7711879, PMC7732548, PMC7761716, PMC7765583, PMC7798103, PMC7826865, PMC7844569, PMC7877780, PMC7917843, PMC7948391, PMC7966362, PMC8025501, PMC8027210, PMC8038702, PMC8086136, PMC8105860, PMC8146902, PMC8152426, PMC8156047, PMC8190131, PMC8221637, PMC8245754, PMC8304756, PMC8339144, PMC8359977, PMC8371975, PMC8380647, PMC8424350, PMC8493686, PMC8506540, PMC8511012, PMC8547762, PMC8671938, PMC8752241, PMC8758139, PMC8779607, PMC8805820, PMC8806960, PMC8872013, PMC8909072, PMC8934344, PMC8941886, PMC8953566, PMC8962469, PMC8966161, PMC8968921, PMC8998440, PMC9024451, PMC9146009, PMC9174284, PMC9181681, PMC9224159, PMC9290999, PMC9307200, PMC9319664, PMC9338090, PMC9357648, PMC9378677, PMC9385636, PMC9396012, PMC9447329, PMC9485868, PMC9502078, PMC9652790, PMC9652819, PMC9701883, PMC9730544, PMC9803445, PMC9807547, PMC9820766, PMC9858937, PMC9867363, PMC9951484,PMC10154441,PMC10438390,PMC11576889,PMC2118675,PMC3204069,PMC4437487,PMC4503551,PMC4833724,PMC5070503,PMC5262454,PMC7731027,PMC7810773,PMC7948497,PMC7961797,PMC9220835,PMC9259931,PMC9287804,PMC9754288,PMC9840248,PMC9884217",4.0,842.0,NM_001034034.2,NM_001034034.2,328.0,606.0,349.0,625.0,forward,reverse_complement,GAPDH,GAPDH,61.34,60.34,50.0,55.0,55,316,2,3,5,,,,,,,,,,,,,,,,,,,,,"PMC10167888,PMC10294607,PMC10573426,PMC10607261,PMC11119058,PMC11124176,PMC11236931,PMC11302460,PMC11538678,PMC11565677,PMC11790752,PMC1315359,PMC3224571,PMC3278664,PMC3315523,PMC3511184,PMC3569626,PMC3937011,PMC3968062,PMC4179812,PMC4521469,PMC4581756,PMC5087947,PMC5568205,PMC5571561,PMC5609973,PMC5647699,PMC5679375,PMC5765104,PMC5884578,PMC6124576,PMC6214003,PMC6236223,PMC6459987,PMC6612098,PMC6617669,PMC6713719,PMC6930770,PMC7127041,PMC7327068,PMC7327924,PMC7554725,PMC7662560,PMC7827688,PMC7875910,PMC7876495,PMC8029671,PMC8446698,PMC8759875,PMC8868460,PMC9575285,PMC9635879,PMC9694000","PMC11773957,PMC9224199","PMC10154441,PMC10159151,PMC10170831,PMC10177484,PMC10187930,PMC10301160,PMC10313696,PMC10379155,PMC10390481,PMC10409819,PMC10435491,PMC10437074,PMC10438390,PMC10533531,PMC10661698,PMC10694244,PMC10710707,PMC10779481,PMC10859882,PMC10876689,PMC10878038,PMC10913529,PMC10967021,PMC10969948,PMC11034355,PMC11094586,PMC11118509,PMC11144540,PMC11177108,PMC11281704,PMC11417184,PMC11446932,PMC11502809,PMC11531550,PMC11571809,PMC11748882,PMC11768971,PMC11828807,PMC11844281,PMC11848612,PMC11861627,PMC11977064,PMC12001472,PMC12027002,PMC12069744,PMC12086088,PMC2118675,PMC2171491,PMC2206730,PMC2292227,PMC2527645,PMC2602786,PMC2614517,PMC2628925,PMC2716502,PMC2741461,PMC2791234,PMC2928358,PMC3017127,PMC3258222,PMC3387497,PMC3461168,PMC3493503,PMC3610707,PMC3670474,PMC3887286,PMC3893557,PMC3906004,PMC3947911,PMC3981789,PMC4055128,PMC4126727,PMC4154763,PMC4169796,PMC4196775,PMC4207637,PMC4229867,PMC4369810,PMC4389669,PMC4409148,PMC4437487,PMC4552867,PMC4581253,PMC4632401,PMC4774095,PMC4792503,PMC4833724,PMC4864934,PMC4880889,PMC4895886,PMC4957915,PMC4959553,PMC5070503,PMC5082287,PMC5117775,PMC5203924,PMC5228083,PMC5262454,PMC5302784,PMC5400626,PMC5452875,PMC5482727,PMC5690650,PMC5713410,PMC5746365,PMC5760363,PMC5776651,PMC5802492,PMC5819209,PMC5825209,PMC5873529,PMC5889897,PMC5892041,PMC5907173,PMC5921986,PMC6140794,PMC6240148,PMC6313105,PMC6316332,PMC6441895,PMC6466739,PMC6471825,PMC6520857,PMC6572537,PMC6628367,PMC6652262,PMC6683295,PMC6717735,PMC6722956,PMC6944659,PMC7056934,PMC7057698,PMC7077542,PMC7093497,PMC7109323,PMC7114505,PMC7180990,PMC7281469,PMC7288341,PMC7325267,PMC7377059,PMC7445364,PMC7494942,PMC7517357,PMC7550977,PMC7652804,PMC7662296,PMC7711879,PMC7731027,PMC7761716,PMC7765583,PMC7810773,PMC7877780,PMC7917843,PMC7948497,PMC7961797,PMC8027210,PMC8038702,PMC8105860,PMC8190131,PMC8221637,PMC8304756,PMC8339144,PMC8359977,PMC8380647,PMC8424350,PMC8547762,PMC8758139,PMC8779607,PMC8805820,PMC8872013,PMC8909072,PMC8941886,PMC8962469,PMC8966161,PMC8968921,PMC8998440,PMC9024451,PMC9146009,PMC9174284,PMC9181681,PMC9224159,PMC9259931,PMC9287804,PMC9290999,PMC9307200,PMC9338090,PMC9357648,PMC9378677,PMC9385636,PMC9502078,PMC9652790,PMC9652819,PMC9754288,PMC9803445,PMC9807547,PMC9820766,PMC9840248,PMC9858937,PMC9867363,PMC9884217,PMC9951484","PMC10236126,PMC10280140,PMC10341740,PMC10476377,PMC10599743,PMC10657345,PMC10775805,PMC10905397,PMC11005420,PMC11006195,PMC11021233,PMC11220646,PMC11342494,PMC11343802,PMC11437871,PMC11576889,PMC11780919,PMC11827542,PMC11989254,PMC11992873,PMC2064026,PMC2064178,PMC2518705,PMC2803300,PMC2836967,PMC3148569,PMC3204069,PMC3546859,PMC3573772,PMC3577515,PMC3646014,PMC3725476,PMC3758276,PMC3789056,PMC3854615,PMC3874597,PMC3882792,PMC3935879,PMC4013368,PMC4093132,PMC4108405,PMC4201738,PMC4205098,PMC4213001,PMC4221177,PMC4309591,PMC4313674,PMC4409033,PMC4452373,PMC4503551,PMC4560432,PMC4649524,PMC4664398,PMC4834114,PMC5014622,PMC5055488,PMC5356689,PMC5480060,PMC5503544,PMC5650309,PMC5727764,PMC5819663,PMC5928607,PMC6006380,PMC6148242,PMC6155223,PMC6274050,PMC6539464,PMC6657172,PMC6913639,PMC7032126,PMC7036216,PMC7058709,PMC7162166,PMC7174588,PMC7247600,PMC7281947,PMC7347223,PMC7450704,PMC7469491,PMC7567574,PMC7576269,PMC7674778,PMC7732548,PMC7798103,PMC7826865,PMC7844569,PMC7948391,PMC7966362,PMC8025501,PMC8086136,PMC8146902,PMC8152426,PMC8156047,PMC8245754,PMC8371975,PMC8493686,PMC8506540,PMC8511012,PMC8671938,PMC8752241,PMC8806960,PMC8934344,PMC8953566,PMC9220835,PMC9319664,PMC9396012,PMC9447329,PMC9485868,PMC9701883,PMC9730544",53,2,202,111,,0,0.7769047822311802,0.9066666666666662,0.6666666666666667,79.37857244489233,93.7986258691963
AGGTGCAGAGATGATGACCC,GTCTTCTGGGTGGCAGTGAT,"DAPDH (1) (1), G3PDH (1) (1), GADPH (1) (1), GAPDH (111) (1), GAPDH-F (3) (1), Glyceraldehyde-3-phosphate (1) (1), MgCl (1) (1), NM_001034034 (1) (1), ZO-1 (1) (1)","AQP5 (1) (1), Accession (1) (1), Beta-actin (1) (1), Binding (1) (1), CCA (1) (1), CD147 (1) (1), CEACAM6 (1) (1), Canine (1) (1), Each (1) (1), Experiments (1) (1), For (2) (1), GADPH (2) (1), GAPD (1) (1), GAPDH (137) (1), GAPDH-201-R (1) (1), GAPDH-For (1) (1), GAPDH-R (9) (1), GAPDH-Rev (1) (1), GAPDH-Reverse (1) (1), GAPDH-forward (1) (1), GAPDH-fp (1) (1), GAPDH-qPCR (1) (1), GAPDH-rev (1) (1), GAPDH-reverse (4) (1), GAPDH.R (2) (1), GAPDH_rev (2) (1), GAPFw (1) (1), GAPPDH (1) (1), GSDMD (1) (1), Gapdh (21) (1), Gapdh/GAPDH (1) (1), Gene (3) (1), Genes (1) (1), Glyceraldehyd-3-phosphate (1) (1), Glyceraldehyde (2) (1), Glyceraldehyde-3-phosphate (1) (1), Hu-GAPDH-Reverse (1) (1), Human (1) (1), ID (1) (1), IL-6 (1) (1), KIF11 (1) (1), LCN2 (1) (1), Lcn2 (1) (1), Monkey-GAPDH (1) (1), OCSTAMP (1) (1), RT-PCR (1) (1), Rabbit (2) (1), Reactions (2) (1), Real-time (1) (1), Rvrs (1) (1), SLC45A1 (1) (1), SQLE (1) (1), SYBR (1) (1), Sequence-based (1) (1), Sigma (1) (1), TTTCTAGACG (1) (1), Target (1) (1), The (8) (1), WNVCp (1) (1), dehydrogenase (1) (1), gapdh (3) (1), h-GAPDH (1) (1), m-GAPDH (1) (1), mGAPDH (1) (1), mGAPDH-R (4) (1), qGAPDH-R (1) (1)",0.87,0.004,124,326," PMC10049502, PMC10144106, PMC10183583, PMC10205055, PMC10215827, PMC10353247, PMC10467142, PMC10537058, PMC10577946, PMC10668840, PMC10844290, PMC10867182, PMC10900626, PMC10910749, PMC11018944, PMC11084078, PMC11172500, PMC11188467, PMC11222854, PMC11226655, PMC11260031, PMC11395064, PMC11506304, PMC11530692, PMC11591463, PMC11639857, PMC11718956, PMC11746023, PMC11895244, PMC11942747, PMC11973270, PMC12021266, PMC12027075, PMC12116010, PMC2865165, PMC2976073, PMC3018137, PMC3056801, PMC3064593, PMC3177877, PMC3207927, PMC3837040, PMC3847308, PMC3851557, PMC3901558, PMC3975437, PMC4006809, PMC4093270, PMC4180839, PMC4243576, PMC4345813, PMC4353475, PMC4379073, PMC4744397, PMC4756532, PMC4891074, PMC4924273, PMC4966727, PMC5288341, PMC5347023, PMC5354862, PMC5662643, PMC5855938, PMC6127565, PMC6276186, PMC6325390, PMC6548822, PMC6563054, PMC6563294, PMC6664593, PMC6680671, PMC6722193, PMC6785638, PMC6912697, PMC7186304, PMC7238732, PMC7294674, PMC7375869, PMC7381234, PMC7414733, PMC7472369, PMC7517653, PMC7673597, PMC7684870, PMC7694315, PMC7786368, PMC7890263, PMC8173046, PMC8291223, PMC8356075, PMC8564303, PMC8567331, PMC8614563, PMC8753979, PMC8814581, PMC9026707, PMC9121101, PMC9137500, PMC9140735, PMC9147548, PMC9163156, PMC9179383, PMC9262717, PMC9275262, PMC9295012, PMC9324263, PMC9380335, PMC9478460, PMC9516411, PMC9533679, PMC9587240, PMC9632208, PMC9656489, PMC9688721, PMC9738492, PMC9781860, PMC9820639, PMC9950815, PMC9963637, PMC9996025,PMC10044098"," PMC10159151, PMC10170831, PMC10177484, PMC10187930, PMC10236126, PMC10280140, PMC10301160, PMC10313696, PMC10341740, PMC10379155, PMC10390481, PMC10409819, PMC10435491, PMC10437074, PMC10476377, PMC10533531, PMC10599743, PMC10657345, PMC10661698, PMC10694244, PMC10710707, PMC10775805, PMC10779481, PMC10859882, PMC10876689, PMC10878038, PMC10905397, PMC10913529, PMC10967021, PMC10969948, PMC11005420, PMC11006195, PMC11021233, PMC11034355, PMC11094586, PMC11118509, PMC11144540, PMC11177108, PMC11220646, PMC11281704, PMC11342494, PMC11343802, PMC11417184, PMC11437871, PMC11446932, PMC11502809, PMC11531550, PMC11571809, PMC11748882, PMC11768971, PMC11780919, PMC11827542, PMC11828807, PMC11844281, PMC11848612, PMC11861627, PMC11977064, PMC11989254, PMC11992873, PMC12001472, PMC12027002, PMC12069744, PMC12086088, PMC2064026, PMC2064178, PMC2118675, PMC2171491, PMC2206730, PMC2292227, PMC2518705, PMC2527645, PMC2602786, PMC2614517, PMC2628925, PMC2716502, PMC2741461, PMC2791234, PMC2803300, PMC2836967, PMC2928358, PMC3017127, PMC3148569, PMC3258222, PMC3387497, PMC3461168, PMC3493503, PMC3546859, PMC3573772, PMC3577515, PMC3610707, PMC3646014, PMC3670474, PMC3725476, PMC3758276, PMC3789056, PMC3854615, PMC3874597, PMC3882792, PMC3887286, PMC3893557, PMC3906004, PMC3935879, PMC3947911, PMC3981789, PMC4013368, PMC4055128, PMC4093132, PMC4108405, PMC4126727, PMC4154763, PMC4169796, PMC4196775, PMC4201738, PMC4205098, PMC4207637, PMC4213001, PMC4221177, PMC4229867, PMC4309591, PMC4313674, PMC4369810, PMC4389669, PMC4409033, PMC4409148, PMC4437487, PMC4452373, PMC4503551, PMC4552867, PMC4560432, PMC4581253, PMC4632401, PMC4649524, PMC4664398, PMC4774095, PMC4792503, PMC4834114, PMC4864934, PMC4880889, PMC4895886, PMC4957915, PMC4959553, PMC5014622, PMC5055488, PMC5082287, PMC5117775, PMC5203924, PMC5228083, PMC5302784, PMC5356689, PMC5400626, PMC5452875, PMC5480060, PMC5482727, PMC5503544, PMC5650309, PMC5690650, PMC5713410, PMC5727764, PMC5746365, PMC5760363, PMC5776651, PMC5802492, PMC5819209, PMC5819663, PMC5825209, PMC5873529, PMC5889897, PMC5892041, PMC5907173, PMC5921986, PMC5928607, PMC6006380, PMC6140794, PMC6148242, PMC6155223, PMC6240148, PMC6274050, PMC6313105, PMC6316332, PMC6441895, PMC6466739, PMC6471825, PMC6520857, PMC6539464, PMC6572537, PMC6628367, PMC6652262, PMC6657172, PMC6683295, PMC6717735, PMC6722956, PMC6913639, PMC6944659, PMC7032126, PMC7036216, PMC7056934, PMC7057698, PMC7058709, PMC7077542, PMC7093497, PMC7109323, PMC7114505, PMC7162166, PMC7174588, PMC7180990, PMC7247600, PMC7281469, PMC7281947, PMC7288341, PMC7325267, PMC7347223, PMC7377059, PMC7445364, PMC7450704, PMC7469491, PMC7494942, PMC7517357, PMC7550977, PMC7567574, PMC7576269, PMC7652804, PMC7662296, PMC7674778, PMC7711879, PMC7732548, PMC7761716, PMC7765583, PMC7798103, PMC7826865, PMC7844569, PMC7877780, PMC7917843, PMC7948391, PMC7966362, PMC8025501, PMC8027210, PMC8038702, PMC8086136, PMC8105860, PMC8146902, PMC8152426, PMC8156047, PMC8190131, PMC8221637, PMC8245754, PMC8304756, PMC8339144, PMC8359977, PMC8371975, PMC8380647, PMC8424350, PMC8493686, PMC8506540, PMC8511012, PMC8547762, PMC8671938, PMC8752241, PMC8758139, PMC8779607, PMC8805820, PMC8806960, PMC8872013, PMC8909072, PMC8934344, PMC8941886, PMC8953566, PMC8962469, PMC8966161, PMC8968921, PMC8998440, PMC9024451, PMC9146009, PMC9174284, PMC9181681, PMC9224159, PMC9290999, PMC9307200, PMC9319664, PMC9338090, PMC9357648, PMC9378677, PMC9385636, PMC9396012, PMC9447329, PMC9485868, PMC9502078, PMC9652790, PMC9652819, PMC9701883, PMC9730544, PMC9803445, PMC9807547, PMC9820766, PMC9858937, PMC9867363, PMC9951484,PMC10154441,PMC10438390,PMC11576889,PMC2118675,PMC3204069,PMC4437487,PMC4503551,PMC4833724,PMC5070503,PMC5262454,PMC7731027,PMC7810773,PMC7948497,PMC7961797,PMC9220835,PMC9259931,PMC9287804,PMC9754288,PMC9840248,PMC9884217",0.0,842.0,NM_001034034.2,NM_001034034.2,418.0,606.0,437.0,625.0,forward,reverse_complement,GAPDH,GAPDH,59.83,60.34,55.0,55.0,121,316,4,3,4,,,,,,,,,,,,,,,,,,,,,,"PMC10044098,PMC10049502,PMC10144106,PMC10183583,PMC10205055,PMC10215827,PMC10353247,PMC10467142,PMC10537058,PMC10577946,PMC10668840,PMC10844290,PMC10867182,PMC10900626,PMC10910749,PMC11018944,PMC11084078,PMC11172500,PMC11188467,PMC11222854,PMC11226655,PMC11260031,PMC11395064,PMC11506304,PMC11530692,PMC11591463,PMC11639857,PMC11718956,PMC11746023,PMC11895244,PMC11942747,PMC11973270,PMC12021266,PMC12027075,PMC12116010,PMC2865165,PMC2976073,PMC3018137,PMC3056801,PMC3064593,PMC3177877,PMC3207927,PMC3837040,PMC3847308,PMC3851557,PMC3901558,PMC3975437,PMC4006809,PMC4093270,PMC4180839,PMC4243576,PMC4345813,PMC4353475,PMC4379073,PMC4744397,PMC4756532,PMC4891074,PMC4924273,PMC4966727,PMC5288341,PMC5347023,PMC5354862,PMC5662643,PMC5855938,PMC6127565,PMC6276186,PMC6325390,PMC6548822,PMC6563054,PMC6563294,PMC6664593,PMC6680671,PMC6722193,PMC6785638,PMC6912697,PMC7186304,PMC7238732,PMC7294674,PMC7375869,PMC7381234,PMC7414733,PMC7472369,PMC7517653,PMC7673597,PMC7684870,PMC7694315,PMC7786368,PMC7890263,PMC8173046,PMC8291223,PMC8356075,PMC8564303,PMC8567331,PMC8614563,PMC8753979,PMC8814581,PMC9026707,PMC9121101,PMC9137500,PMC9140735,PMC9147548,PMC9163156,PMC9179383,PMC9262717,PMC9275262,PMC9295012,PMC9324263,PMC9380335,PMC9478460,PMC9516411,PMC9533679,PMC9587240,PMC9632208,PMC9656489,PMC9688721,PMC9738492,PMC9781860,PMC9820639,PMC9950815,PMC9963637,PMC9996025","PMC10154441,PMC10159151,PMC10170831,PMC10177484,PMC10187930,PMC10301160,PMC10313696,PMC10379155,PMC10390481,PMC10409819,PMC10435491,PMC10437074,PMC10438390,PMC10533531,PMC10661698,PMC10694244,PMC10710707,PMC10779481,PMC10859882,PMC10876689,PMC10878038,PMC10913529,PMC10967021,PMC10969948,PMC11034355,PMC11094586,PMC11118509,PMC11144540,PMC11177108,PMC11281704,PMC11417184,PMC11446932,PMC11502809,PMC11531550,PMC11571809,PMC11748882,PMC11768971,PMC11828807,PMC11844281,PMC11848612,PMC11861627,PMC11977064,PMC12001472,PMC12027002,PMC12069744,PMC12086088,PMC2118675,PMC2171491,PMC2206730,PMC2292227,PMC2527645,PMC2602786,PMC2614517,PMC2628925,PMC2716502,PMC2741461,PMC2791234,PMC2928358,PMC3017127,PMC3258222,PMC3387497,PMC3461168,PMC3493503,PMC3610707,PMC3670474,PMC3887286,PMC3893557,PMC3906004,PMC3947911,PMC3981789,PMC4055128,PMC4126727,PMC4154763,PMC4169796,PMC4196775,PMC4207637,PMC4229867,PMC4369810,PMC4389669,PMC4409148,PMC4437487,PMC4552867,PMC4581253,PMC4632401,PMC4774095,PMC4792503,PMC4833724,PMC4864934,PMC4880889,PMC4895886,PMC4957915,PMC4959553,PMC5070503,PMC5082287,PMC5117775,PMC5203924,PMC5228083,PMC5262454,PMC5302784,PMC5400626,PMC5452875,PMC5482727,PMC5690650,PMC5713410,PMC5746365,PMC5760363,PMC5776651,PMC5802492,PMC5819209,PMC5825209,PMC5873529,PMC5889897,PMC5892041,PMC5907173,PMC5921986,PMC6140794,PMC6240148,PMC6313105,PMC6316332,PMC6441895,PMC6466739,PMC6471825,PMC6520857,PMC6572537,PMC6628367,PMC6652262,PMC6683295,PMC6717735,PMC6722956,PMC6944659,PMC7056934,PMC7057698,PMC7077542,PMC7093497,PMC7109323,PMC7114505,PMC7180990,PMC7281469,PMC7288341,PMC7325267,PMC7377059,PMC7445364,PMC7494942,PMC7517357,PMC7550977,PMC7652804,PMC7662296,PMC7711879,PMC7731027,PMC7761716,PMC7765583,PMC7810773,PMC7877780,PMC7917843,PMC7948497,PMC7961797,PMC8027210,PMC8038702,PMC8105860,PMC8190131,PMC8221637,PMC8304756,PMC8339144,PMC8359977,PMC8380647,PMC8424350,PMC8547762,PMC8758139,PMC8779607,PMC8805820,PMC8872013,PMC8909072,PMC8941886,PMC8962469,PMC8966161,PMC8968921,PMC8998440,PMC9024451,PMC9146009,PMC9174284,PMC9181681,PMC9224159,PMC9259931,PMC9287804,PMC9290999,PMC9307200,PMC9338090,PMC9357648,PMC9378677,PMC9385636,PMC9502078,PMC9652790,PMC9652819,PMC9754288,PMC9803445,PMC9807547,PMC9820766,PMC9840248,PMC9858937,PMC9867363,PMC9884217,PMC9951484","PMC10236126,PMC10280140,PMC10341740,PMC10476377,PMC10599743,PMC10657345,PMC10775805,PMC10905397,PMC11005420,PMC11006195,PMC11021233,PMC11220646,PMC11342494,PMC11343802,PMC11437871,PMC11576889,PMC11780919,PMC11827542,PMC11989254,PMC11992873,PMC2064026,PMC2064178,PMC2518705,PMC2803300,PMC2836967,PMC3148569,PMC3204069,PMC3546859,PMC3573772,PMC3577515,PMC3646014,PMC3725476,PMC3758276,PMC3789056,PMC3854615,PMC3874597,PMC3882792,PMC3935879,PMC4013368,PMC4093132,PMC4108405,PMC4201738,PMC4205098,PMC4213001,PMC4221177,PMC4309591,PMC4313674,PMC4409033,PMC4452373,PMC4503551,PMC4560432,PMC4649524,PMC4664398,PMC4834114,PMC5014622,PMC5055488,PMC5356689,PMC5480060,PMC5503544,PMC5650309,PMC5727764,PMC5819663,PMC5928607,PMC6006380,PMC6148242,PMC6155223,PMC6274050,PMC6539464,PMC6657172,PMC6913639,PMC7032126,PMC7036216,PMC7058709,PMC7162166,PMC7174588,PMC7247600,PMC7281947,PMC7347223,PMC7450704,PMC7469491,PMC7567574,PMC7576269,PMC7674778,PMC7732548,PMC7798103,PMC7826865,PMC7844569,PMC7948391,PMC7966362,PMC8025501,PMC8086136,PMC8146902,PMC8152426,PMC8156047,PMC8245754,PMC8371975,PMC8493686,PMC8506540,PMC8511012,PMC8671938,PMC8752241,PMC8806960,PMC8934344,PMC8953566,PMC9220835,PMC9319664,PMC9396012,PMC9447329,PMC9485868,PMC9701883,PMC9730544",0,121,202,111,,0,0.5982435383625099,0.9716666666666663,0.8299999999999983,75.66217691812544,90.44611606557717
ACATACTCAGCACCAGCATCAC,ATCACTGCCACCCAGAAGACT,"BoGAPDH-qR (1) (1), BoGAPDHA (1) (1), BtauGAPDH-R (2) (1), CXCL10 (1) (1), Cow (1) (1), GADPH (1) (1), GAPD (1) (1), GAPDH (16) (1), GAPDH-F (1) (1), GAPDH-R (2) (1), GAPDH1 (1) (1), GAPDH2_B (1) (1), Gene (1) (1), Name (1) (1), R-GAPDH-R (1) (1), R-primer (1) (1), Rattus-Gapdh-R (1) (1), The (3) (1), rat-GAPDH-reverse (1) (1)","ABI7500 (3) (1), Actin (1) (1), All (4) (1), Anti-sense (1) (1), BCL2L11 (1) (1), CASC9 (1) (1), CCAT1 (1) (1), Cell (1) (1), Conditions (1) (1), Data (1) (1), Expression (1) (1), For (2) (1), G3PDH (1) (1), GADPH (8) (1), GAPDH (97) (1), GAPDH-R (7) (1), GAPDH-S (1) (1), GAPDH-reverse (1) (1), GAPDHRT2 (1) (1), GAPDH_R (2) (1), GAS5 (1) (1), GAS5-AS1 (1) (1), GHET1 (1) (1), GTATT (1) (1), GTC (1) (1), Gapdh (2) (1), Gene (8) (1), Genes (1) (1), H19 (2) (1), HOTAIR (1) (1), Housekeeping (1) (1), IL-22 (1) (1), ITGB2-AS1 (1) (1), LET (1) (1), Lower (1) (1), M-GAPDH (2) (1), M-GAPDH-reverse (1) (1), MALAT1-forward5 (1) (1), MGMT (1) (1), MIR (1) (1), MiR (1) (1), MiR-200b (1) (1), Mmu-GAPDH-Reverse (1) (1), Mouse-GAPDH (1) (1), Name (1) (1), P21 (1) (1), RP11-708H21 (1) (1), RT-PCR (1) (1), Real-time (1) (1), Relative (2) (1), Reserve (1) (1), TGA (1) (1), The (11) (1), Then (1) (1), U6-Forward (1) (1), UCA1 (1) (1), hGAPDH-R (1) (1)",5.2,0.001,56,233," PMC10294607, PMC10573426, PMC10607261, PMC11119058, PMC11124176, PMC11236931, PMC11302460, PMC11538678, PMC11565677, PMC11773957, PMC11790752, PMC1315359, PMC3224571, PMC3278664, PMC3315523, PMC3511184, PMC3569626, PMC3937011, PMC3968062, PMC4179812, PMC4521469, PMC4581756, PMC5087947, PMC5568205, PMC5571561, PMC5609973, PMC5647699, PMC5679375, PMC5765104, PMC5884578, PMC6124576, PMC6214003, PMC6236223, PMC6459987, PMC6612098, PMC6617669, PMC6713719, PMC6930770, PMC7127041, PMC7327068, PMC7327924, PMC7554725, PMC7662560, PMC7875910, PMC7876495, PMC8029671, PMC8446698, PMC8759875, PMC8868460, PMC9224199, PMC9575285, PMC9635879, PMC9694000,PMC10167888,PMC7827688"," PMC10068166, PMC10068475, PMC10471464, PMC10477743, PMC10493156, PMC10538271, PMC10756093, PMC10786957, PMC10837438, PMC10845971, PMC10875115, PMC10912270, PMC10959647, PMC10989371, PMC11033276, PMC11125012, PMC11350746, PMC11424367, PMC11442332, PMC11472645, PMC11625957, PMC11752633, PMC11774238, PMC11848563, PMC11869541, PMC11896593, PMC11983445, PMC12017271, PMC12023973, PMC12085233, PMC1283365, PMC1586025, PMC2248730, PMC2409871, PMC2684548, PMC2695822, PMC2869226, PMC2938373, PMC3151525, PMC3237573, PMC3526311, PMC3621571, PMC3621893, PMC3732262, PMC3796503, PMC3851462, PMC4022532, PMC4085645, PMC4361641, PMC4443285, PMC4556036, PMC4582557, PMC4591691, PMC4599723, PMC4652179, PMC4669740, PMC4795576, PMC4802206, PMC4951062, PMC4973264, PMC5019907, PMC5048611, PMC5078027, PMC5118531, PMC5122352, PMC5122355, PMC5134409, PMC5295399, PMC5329818, PMC5356718, PMC5368973, PMC5383984, PMC5392286, PMC5402552, PMC5436562, PMC5438619, PMC5520935, PMC5567045, PMC5569284, PMC5573886, PMC5642544, PMC5689618, PMC5689694, PMC5715270, PMC5741752, PMC5787427, PMC5832871, PMC5865577, PMC5866008, PMC5870589, PMC5920369, PMC5955026, PMC5958754, PMC5994212, PMC6002131, PMC6004700, PMC6045496, PMC6096144, PMC6126236, PMC6131202, PMC6131614, PMC6143905, PMC6168696, PMC6190633, PMC6317960, PMC6330481, PMC6367387, PMC6484318, PMC6497912, PMC6580102, PMC6610686, PMC6615921, PMC6704292, PMC6716066, PMC6760481, PMC6761235, PMC6813144, PMC6824708, PMC6844630, PMC6848151, PMC6851516, PMC6855145, PMC6878904, PMC6901053, PMC6943908, PMC6987416, PMC7005641, PMC7016407, PMC7055065, PMC7082961, PMC7106619, PMC7115215, PMC7132227, PMC7135170, PMC7142835, PMC7185117, PMC7191191, PMC7214183, PMC7226632, PMC7251795, PMC7254730, PMC7282062, PMC7307361, PMC7330091, PMC7373586, PMC7401907, PMC7429192, PMC7507598, PMC7517367, PMC7519587, PMC7521317, PMC7521539, PMC7533499, PMC7537480, PMC7560540, PMC7580178, PMC7583623, PMC7604460, PMC7646844, PMC7701573, PMC7708682, PMC7723070, PMC7780813, PMC7781911, PMC7797298, PMC7822225, PMC7841232, PMC7859998, PMC7883158, PMC7887644, PMC7931544, PMC7933330, PMC7938448, PMC7988958, PMC8055407, PMC8081883, PMC8100800, PMC8102869, PMC8109118, PMC8109123, PMC8111998, PMC8147563, PMC8164243, PMC8268297, PMC8278081, PMC8278330, PMC8313687, PMC8336869, PMC8380229, PMC8452820, PMC8483905, PMC8510682, PMC8511501, PMC8608530, PMC8630825, PMC8660608, PMC8805978, PMC8806570, PMC8863339, PMC8897034, PMC8924639, PMC8973977, PMC8974224, PMC9006621, PMC9065560, PMC9070913, PMC9109328, PMC9161323, PMC9200549, PMC9200973, PMC9208058, PMC9225895, PMC9226974, PMC9252036, PMC9275981, PMC9372764, PMC9433273, PMC9454801, PMC9473877, PMC9530360, PMC9533370, PMC9585709, PMC9811394, PMC9830370, PMC9847630, PMC9987676,PMC10020108,PMC11233639,PMC11490720,PMC6746119,PMC6965140,PMC8563430",4.0,84.0,NM_001034034.2,NM_001034034.2,328.0,606.0,349.0,626.0,forward,reverse_complement,GAPDH,GAPDH,61.34,61.79,50.0,52.4,55,232,2,3,3,,,,,,,,,,,,,,,,,,,,,"PMC10167888,PMC10294607,PMC10573426,PMC10607261,PMC11119058,PMC11124176,PMC11236931,PMC11302460,PMC11538678,PMC11565677,PMC11790752,PMC1315359,PMC3224571,PMC3278664,PMC3315523,PMC3511184,PMC3569626,PMC3937011,PMC3968062,PMC4179812,PMC4521469,PMC4581756,PMC5087947,PMC5568205,PMC5571561,PMC5609973,PMC5647699,PMC5679375,PMC5765104,PMC5884578,PMC6124576,PMC6214003,PMC6236223,PMC6459987,PMC6612098,PMC6617669,PMC6713719,PMC6930770,PMC7127041,PMC7327068,PMC7327924,PMC7554725,PMC7662560,PMC7827688,PMC7875910,PMC7876495,PMC8029671,PMC8446698,PMC8759875,PMC8868460,PMC9575285,PMC9635879,PMC9694000","PMC11773957,PMC9224199","PMC10020108,PMC10471464,PMC11350746,PMC2938373,PMC3621571,PMC4582557,PMC5436562,PMC5573886,PMC7185117,PMC7887644,PMC8563430,PMC9372764,PMC9454801","PMC10068166,PMC10068475,PMC10477743,PMC10493156,PMC10538271,PMC10756093,PMC10786957,PMC10837438,PMC10845971,PMC10875115,PMC10912270,PMC10959647,PMC10989371,PMC11033276,PMC11125012,PMC11233639,PMC11424367,PMC11442332,PMC11472645,PMC11490720,PMC11625957,PMC11752633,PMC11774238,PMC11848563,PMC11869541,PMC11896593,PMC11983445,PMC12017271,PMC12023973,PMC12085233,PMC1283365,PMC1586025,PMC2248730,PMC2409871,PMC2684548,PMC2695822,PMC2869226,PMC3151525,PMC3237573,PMC3526311,PMC3621893,PMC3732262,PMC3796503,PMC3851462,PMC4022532,PMC4085645,PMC4361641,PMC4443285,PMC4556036,PMC4591691,PMC4599723,PMC4652179,PMC4669740,PMC4795576,PMC4802206,PMC4951062,PMC4973264,PMC5019907,PMC5048611,PMC5078027,PMC5118531,PMC5122352,PMC5122355,PMC5134409,PMC5295399,PMC5329818,PMC5356718,PMC5368973,PMC5383984,PMC5392286,PMC5402552,PMC5438619,PMC5520935,PMC5567045,PMC5569284,PMC5642544,PMC5689618,PMC5689694,PMC5715270,PMC5741752,PMC5787427,PMC5832871,PMC5865577,PMC5866008,PMC5870589,PMC5920369,PMC5955026,PMC5958754,PMC5994212,PMC6002131,PMC6004700,PMC6045496,PMC6096144,PMC6126236,PMC6131202,PMC6131614,PMC6143905,PMC6168696,PMC6190633,PMC6317960,PMC6330481,PMC6367387,PMC6484318,PMC6497912,PMC6580102,PMC6610686,PMC6615921,PMC6704292,PMC6716066,PMC6746119,PMC6760481,PMC6761235,PMC6813144,PMC6824708,PMC6844630,PMC6848151,PMC6851516,PMC6855145,PMC6878904,PMC6901053,PMC6943908,PMC6965140,PMC6987416,PMC7005641,PMC7016407,PMC7055065,PMC7082961,PMC7106619,PMC7115215,PMC7132227,PMC7135170,PMC7142835,PMC7191191,PMC7214183,PMC7226632,PMC7251795,PMC7254730,PMC7282062,PMC7307361,PMC7330091,PMC7373586,PMC7401907,PMC7429192,PMC7507598,PMC7517367,PMC7519587,PMC7521317,PMC7521539,PMC7533499,PMC7537480,PMC7560540,PMC7580178,PMC7583623,PMC7604460,PMC7646844,PMC7701573,PMC7708682,PMC7723070,PMC7780813,PMC7781911,PMC7797298,PMC7822225,PMC7841232,PMC7859998,PMC7883158,PMC7931544,PMC7933330,PMC7938448,PMC7988958,PMC8055407,PMC8081883,PMC8100800,PMC8102869,PMC8109118,PMC8109123,PMC8111998,PMC8147563,PMC8164243,PMC8268297,PMC8278081,PMC8278330,PMC8313687,PMC8336869,PMC8380229,PMC8452820,PMC8483905,PMC8510682,PMC8511501,PMC8608530,PMC8630825,PMC8660608,PMC8805978,PMC8806570,PMC8863339,PMC8897034,PMC8924639,PMC8973977,PMC8974224,PMC9006621,PMC9065560,PMC9070913,PMC9109328,PMC9161323,PMC9200549,PMC9200973,PMC9208058,PMC9225895,PMC9226974,PMC9252036,PMC9275981,PMC9433273,PMC9473877,PMC9530360,PMC9533370,PMC9585709,PMC9811394,PMC9830370,PMC9847630,PMC9987676",53,2,13,219,,0,0.6650155000043285,0.8261111111111109,0.8500000000000014,75.03410833354978,89.76744712069302
ACATACTCAGCACCAGCATCAC,GGGTCATCATCTCTGCACCT,"BoGAPDH-qR (1) (1), BoGAPDHA (1) (1), BtauGAPDH-R (2) (1), CXCL10 (1) (1), Cow (1) (1), GADPH (1) (1), GAPD (1) (1), GAPDH (16) (1), GAPDH-F (1) (1), GAPDH-R (2) (1), GAPDH1 (1) (1), GAPDH2_B (1) (1), Gene (1) (1), Name (1) (1), R-GAPDH-R (1) (1), R-primer (1) (1), Rattus-Gapdh-R (1) (1), The (3) (1), rat-GAPDH-reverse (1) (1)","DAPDH (1) (1), G3PDH (1) (1), GADPH (1) (1), GAPDH (111) (1), GAPDH-F (3) (1), Glyceraldehyde-3-phosphate (1) (1), MgCl (1) (1), NM_001034034 (1) (1), ZO-1 (1) (1)",5.2,0.87,56,124," PMC10294607, PMC10573426, PMC10607261, PMC11119058, PMC11124176, PMC11236931, PMC11302460, PMC11538678, PMC11565677, PMC11773957, PMC11790752, PMC1315359, PMC3224571, PMC3278664, PMC3315523, PMC3511184, PMC3569626, PMC3937011, PMC3968062, PMC4179812, PMC4521469, PMC4581756, PMC5087947, PMC5568205, PMC5571561, PMC5609973, PMC5647699, PMC5679375, PMC5765104, PMC5884578, PMC6124576, PMC6214003, PMC6236223, PMC6459987, PMC6612098, PMC6617669, PMC6713719, PMC6930770, PMC7127041, PMC7327068, PMC7327924, PMC7554725, PMC7662560, PMC7875910, PMC7876495, PMC8029671, PMC8446698, PMC8759875, PMC8868460, PMC9224199, PMC9575285, PMC9635879, PMC9694000,PMC10167888,PMC7827688"," PMC10049502, PMC10144106, PMC10183583, PMC10205055, PMC10215827, PMC10353247, PMC10467142, PMC10537058, PMC10577946, PMC10668840, PMC10844290, PMC10867182, PMC10900626, PMC10910749, PMC11018944, PMC11084078, PMC11172500, PMC11188467, PMC11222854, PMC11226655, PMC11260031, PMC11395064, PMC11506304, PMC11530692, PMC11591463, PMC11639857, PMC11718956, PMC11746023, PMC11895244, PMC11942747, PMC11973270, PMC12021266, PMC12027075, PMC12116010, PMC2865165, PMC2976073, PMC3018137, PMC3056801, PMC3064593, PMC3177877, PMC3207927, PMC3837040, PMC3847308, PMC3851557, PMC3901558, PMC3975437, PMC4006809, PMC4093270, PMC4180839, PMC4243576, PMC4345813, PMC4353475, PMC4379073, PMC4744397, PMC4756532, PMC4891074, PMC4924273, PMC4966727, PMC5288341, PMC5347023, PMC5354862, PMC5662643, PMC5855938, PMC6127565, PMC6276186, PMC6325390, PMC6548822, PMC6563054, PMC6563294, PMC6664593, PMC6680671, PMC6722193, PMC6785638, PMC6912697, PMC7186304, PMC7238732, PMC7294674, PMC7375869, PMC7381234, PMC7414733, PMC7472369, PMC7517653, PMC7673597, PMC7684870, PMC7694315, PMC7786368, PMC7890263, PMC8173046, PMC8291223, PMC8356075, PMC8564303, PMC8567331, PMC8614563, PMC8753979, PMC8814581, PMC9026707, PMC9121101, PMC9137500, PMC9140735, PMC9147548, PMC9163156, PMC9179383, PMC9262717, PMC9275262, PMC9295012, PMC9324263, PMC9380335, PMC9478460, PMC9516411, PMC9533679, PMC9587240, PMC9632208, PMC9656489, PMC9688721, PMC9738492, PMC9781860, PMC9820639, PMC9950815, PMC9963637, PMC9996025,PMC10044098",4.0,0.0,NM_001034034.2,NM_001034034.2,328.0,418.0,349.0,437.0,forward,reverse_complement,GAPDH,GAPDH,61.34,59.83,50.0,55.0,55,121,2,4,3,,,,,,,,,,,,,,,,,,,,,"PMC10167888,PMC10294607,PMC10573426,PMC10607261,PMC11119058,PMC11124176,PMC11236931,PMC11302460,PMC11538678,PMC11565677,PMC11790752,PMC1315359,PMC3224571,PMC3278664,PMC3315523,PMC3511184,PMC3569626,PMC3937011,PMC3968062,PMC4179812,PMC4521469,PMC4581756,PMC5087947,PMC5568205,PMC5571561,PMC5609973,PMC5647699,PMC5679375,PMC5765104,PMC5884578,PMC6124576,PMC6214003,PMC6236223,PMC6459987,PMC6612098,PMC6617669,PMC6713719,PMC6930770,PMC7127041,PMC7327068,PMC7327924,PMC7554725,PMC7662560,PMC7827688,PMC7875910,PMC7876495,PMC8029671,PMC8446698,PMC8759875,PMC8868460,PMC9575285,PMC9635879,PMC9694000","PMC11773957,PMC9224199","PMC10044098,PMC10049502,PMC10144106,PMC10183583,PMC10205055,PMC10215827,PMC10353247,PMC10467142,PMC10537058,PMC10577946,PMC10668840,PMC10844290,PMC10867182,PMC10900626,PMC10910749,PMC11018944,PMC11084078,PMC11172500,PMC11188467,PMC11222854,PMC11226655,PMC11260031,PMC11395064,PMC11506304,PMC11530692,PMC11591463,PMC11639857,PMC11718956,PMC11746023,PMC11895244,PMC11942747,PMC11973270,PMC12021266,PMC12027075,PMC12116010,PMC2865165,PMC2976073,PMC3018137,PMC3056801,PMC3064593,PMC3177877,PMC3207927,PMC3837040,PMC3847308,PMC3851557,PMC3901558,PMC3975437,PMC4006809,PMC4093270,PMC4180839,PMC4243576,PMC4345813,PMC4353475,PMC4379073,PMC4744397,PMC4756532,PMC4891074,PMC4924273,PMC4966727,PMC5288341,PMC5347023,PMC5354862,PMC5662643,PMC5855938,PMC6127565,PMC6276186,PMC6325390,PMC6548822,PMC6563054,PMC6563294,PMC6664593,PMC6680671,PMC6722193,PMC6785638,PMC6912697,PMC7186304,PMC7238732,PMC7294674,PMC7375869,PMC7381234,PMC7414733,PMC7472369,PMC7517653,PMC7673597,PMC7684870,PMC7694315,PMC7786368,PMC7890263,PMC8173046,PMC8291223,PMC8356075,PMC8564303,PMC8567331,PMC8614563,PMC8753979,PMC8814581,PMC9026707,PMC9121101,PMC9137500,PMC9140735,PMC9147548,PMC9163156,PMC9179383,PMC9262717,PMC9275262,PMC9295012,PMC9324263,PMC9380335,PMC9478460,PMC9516411,PMC9533679,PMC9587240,PMC9632208,PMC9656489,PMC9688721,PMC9738492,PMC9781860,PMC9820639,PMC9950815,PMC9963637,PMC9996025",,53,2,121,0,,0,0.744589474773526,0.9161111111111108,0.4966666666666649,74.64614040534292,89.33107514457906
AGGTGCAGAGATGATGACCC,TCTTCTGGGTGGCAGTGATG,"DAPDH (1) (1), G3PDH (1) (1), GADPH (1) (1), GAPDH (111) (1), GAPDH-F (3) (1), Glyceraldehyde-3-phosphate (1) (1), MgCl (1) (1), NM_001034034 (1) (1), ZO-1 (1) (1)","ACTB (1) (1), APDH (1) (1), After (2) (1), CAT (1) (1), Control (1) (1), For (2) (1), GADPH (3) (1), GAPDH (62) (1), GAPDH- (1) (1), GAPDH-F (1) (1), GAPDH-R (1) (1), GAPDH-m6A-F (2) (1), GGGTGG (1) (1), Gapdh (9) (1), Gapdh-Rv (1) (1), Gapdh-m6A (2) (1), Glyceraldehyde-3 (1) (1), Human (3) (1), MsGAPDH (2) (1), NM008084 (1) (1), PCV2-ORF2 (1) (1), PDE4D (1) (1), REAGENT (1) (1), RT-PCR (1) (1), Real (1) (1), TCATG-3 (1) (1), Target (2) (1), Tfeb (1) (1), The (2) (1), UCP-1 (1) (1), prGAPDH (1) (1), qPCR (1) (1)",0.87,0.004,124,141," PMC10049502, PMC10144106, PMC10183583, PMC10205055, PMC10215827, PMC10353247, PMC10467142, PMC10537058, PMC10577946, PMC10668840, PMC10844290, PMC10867182, PMC10900626, PMC10910749, PMC11018944, PMC11084078, PMC11172500, PMC11188467, PMC11222854, PMC11226655, PMC11260031, PMC11395064, PMC11506304, PMC11530692, PMC11591463, PMC11639857, PMC11718956, PMC11746023, PMC11895244, PMC11942747, PMC11973270, PMC12021266, PMC12027075, PMC12116010, PMC2865165, PMC2976073, PMC3018137, PMC3056801, PMC3064593, PMC3177877, PMC3207927, PMC3837040, PMC3847308, PMC3851557, PMC3901558, PMC3975437, PMC4006809, PMC4093270, PMC4180839, PMC4243576, PMC4345813, PMC4353475, PMC4379073, PMC4744397, PMC4756532, PMC4891074, PMC4924273, PMC4966727, PMC5288341, PMC5347023, PMC5354862, PMC5662643, PMC5855938, PMC6127565, PMC6276186, PMC6325390, PMC6548822, PMC6563054, PMC6563294, PMC6664593, PMC6680671, PMC6722193, PMC6785638, PMC6912697, PMC7186304, PMC7238732, PMC7294674, PMC7375869, PMC7381234, PMC7414733, PMC7472369, PMC7517653, PMC7673597, PMC7684870, PMC7694315, PMC7786368, PMC7890263, PMC8173046, PMC8291223, PMC8356075, PMC8564303, PMC8567331, PMC8614563, PMC8753979, PMC8814581, PMC9026707, PMC9121101, PMC9137500, PMC9140735, PMC9147548, PMC9163156, PMC9179383, PMC9262717, PMC9275262, PMC9295012, PMC9324263, PMC9380335, PMC9478460, PMC9516411, PMC9533679, PMC9587240, PMC9632208, PMC9656489, PMC9688721, PMC9738492, PMC9781860, PMC9820639, PMC9950815, PMC9963637, PMC9996025,PMC10044098"," PMC10197107, PMC10301873, PMC10314909, PMC10523722, PMC10638480, PMC10683333, PMC10954452, PMC11142855, PMC11177459, PMC11273113, PMC11540623, PMC11542154, PMC11629901, PMC11656782, PMC11707433, PMC11817011, PMC11848606, PMC11895639, PMC11915503, PMC11991697, PMC11992675, PMC12011128, PMC12030523, PMC12039275, PMC1435749, PMC1779385, PMC2253534, PMC2756517, PMC2841606, PMC3203629, PMC3231990, PMC3257253, PMC3689838, PMC3849245, PMC3853411, PMC3898614, PMC3907112, PMC3935199, PMC4138023, PMC4148401, PMC4172519, PMC4249769, PMC4301450, PMC4324914, PMC4332862, PMC4396640, PMC4431795, PMC4562625, PMC4572871, PMC4703978, PMC4765063, PMC4959389, PMC5036965, PMC5042726, PMC5098749, PMC5289647, PMC5315375, PMC5409220, PMC5506201, PMC5514503, PMC5520734, PMC5688139, PMC5742720, PMC5828650, PMC5829306, PMC6001435, PMC6041281, PMC6052403, PMC6134902, PMC6243013, PMC6278642, PMC6299959, PMC6328511, PMC6420571, PMC6491449, PMC6507017, PMC6610209, PMC6746800, PMC6801562, PMC6831850, PMC7014135, PMC7126151, PMC7290543, PMC7300199, PMC7331740, PMC7351502, PMC7371740, PMC7436900, PMC7527517, PMC7566595, PMC7576277, PMC7672090, PMC8071082, PMC8203715, PMC8253309, PMC8273552, PMC8280529, PMC8305151, PMC8320535, PMC8335739, PMC8392138, PMC8481603, PMC8485335, PMC8666375, PMC8740907, PMC8771531, PMC8815368, PMC8869792, PMC8907421, PMC8987926, PMC9059359, PMC9121131, PMC9284881, PMC9312579, PMC9395370, PMC9472391, PMC9476947, PMC9570500, PMC9894672,PMC10139227,PMC10558633,PMC10710473,PMC11864190,PMC11915503,PMC11992675,PMC3849245,PMC4704061,PMC4836271,PMC4980328,PMC5515010,PMC7132341,PMC7878839,PMC9005610,PMC9065483,PMC9576511",0.0,334.0,NM_001034034.2,NM_001034034.2,418.0,605.0,437.0,624.0,forward,reverse_complement,GAPDH,GAPDH,59.83,60.34,55.0,55.0,121,135,4,3,4,,,,,,,,,,,,,,,,,,,,,,"PMC10044098,PMC10049502,PMC10144106,PMC10183583,PMC10205055,PMC10215827,PMC10353247,PMC10467142,PMC10537058,PMC10577946,PMC10668840,PMC10844290,PMC10867182,PMC10900626,PMC10910749,PMC11018944,PMC11084078,PMC11172500,PMC11188467,PMC11222854,PMC11226655,PMC11260031,PMC11395064,PMC11506304,PMC11530692,PMC11591463,PMC11639857,PMC11718956,PMC11746023,PMC11895244,PMC11942747,PMC11973270,PMC12021266,PMC12027075,PMC12116010,PMC2865165,PMC2976073,PMC3018137,PMC3056801,PMC3064593,PMC3177877,PMC3207927,PMC3837040,PMC3847308,PMC3851557,PMC3901558,PMC3975437,PMC4006809,PMC4093270,PMC4180839,PMC4243576,PMC4345813,PMC4353475,PMC4379073,PMC4744397,PMC4756532,PMC4891074,PMC4924273,PMC4966727,PMC5288341,PMC5347023,PMC5354862,PMC5662643,PMC5855938,PMC6127565,PMC6276186,PMC6325390,PMC6548822,PMC6563054,PMC6563294,PMC6664593,PMC6680671,PMC6722193,PMC6785638,PMC6912697,PMC7186304,PMC7238732,PMC7294674,PMC7375869,PMC7381234,PMC7414733,PMC7472369,PMC7517653,PMC7673597,PMC7684870,PMC7694315,PMC7786368,PMC7890263,PMC8173046,PMC8291223,PMC8356075,PMC8564303,PMC8567331,PMC8614563,PMC8753979,PMC8814581,PMC9026707,PMC9121101,PMC9137500,PMC9140735,PMC9147548,PMC9163156,PMC9179383,PMC9262717,PMC9275262,PMC9295012,PMC9324263,PMC9380335,PMC9478460,PMC9516411,PMC9533679,PMC9587240,PMC9632208,PMC9656489,PMC9688721,PMC9738492,PMC9781860,PMC9820639,PMC9950815,PMC9963637,PMC9996025","PMC10301873,PMC10314909,PMC10523722,PMC10558633,PMC11142855,PMC11177459,PMC11540623,PMC11542154,PMC11629901,PMC11656782,PMC11707433,PMC11848606,PMC11895639,PMC11991697,PMC1435749,PMC2253534,PMC2756517,PMC3203629,PMC3257253,PMC3689838,PMC3849245,PMC3853411,PMC3898614,PMC3907112,PMC4138023,PMC4148401,PMC4172519,PMC4249769,PMC4301450,PMC4324914,PMC4332862,PMC4396640,PMC4431795,PMC4562625,PMC4572871,PMC4703978,PMC4836271,PMC4959389,PMC4980328,PMC5036965,PMC5042726,PMC5098749,PMC5289647,PMC5315375,PMC5409220,PMC5506201,PMC5514503,PMC5520734,PMC5688139,PMC5742720,PMC5829306,PMC6001435,PMC6041281,PMC6052403,PMC6134902,PMC6243013,PMC6278642,PMC6299959,PMC6328511,PMC6420571,PMC6507017,PMC6610209,PMC6746800,PMC6801562,PMC6831850,PMC7014135,PMC7132341,PMC7290543,PMC7331740,PMC7351502,PMC7371740,PMC7436900,PMC7566595,PMC7576277,PMC7672090,PMC7878839,PMC8071082,PMC8273552,PMC8280529,PMC8305151,PMC8320535,PMC8485335,PMC8666375,PMC8815368,PMC8869792,PMC8907421,PMC9059359,PMC9284881,PMC9312579,PMC9395370,PMC9476947,PMC9570500,PMC9576511,PMC9894672","PMC10139227,PMC10197107,PMC10638480,PMC10683333,PMC10710473,PMC10954452,PMC11273113,PMC11817011,PMC11864190,PMC11915503,PMC11992675,PMC12011128,PMC12030523,PMC12039275,PMC1779385,PMC2841606,PMC3231990,PMC3935199,PMC4704061,PMC4765063,PMC5515010,PMC5828650,PMC6491449,PMC7126151,PMC7300199,PMC7527517,PMC8203715,PMC8253309,PMC8335739,PMC8392138,PMC8481603,PMC8740907,PMC8771531,PMC8987926,PMC9005610,PMC9065483,PMC9121131,PMC9472391",0,121,94,38,,0,0.5657274773630361,0.9716666666666663,0.8299999999999983,74.03637386815176,88.6183540518168
GGTTCACGCCCATCACAAAC,CCACCCAGAAGACTGTGGAT,"GAPDH (19) (1), GAPDH_1R (1) (1), Gapdh (1) (1), Gene (4) (1), Genes (1) (1), Glyceraldehyde-3-Phosphate (1) (1), HM043737.1 (1) (1), NM_001034034.2 (1) (1), The (1) (1), eGAPDH (1) (1), gapdh (4) (1), qH-GAPDH-F (1) (1)","Bovine (1) (1), ChIP (2) (1), For (1) (1), GADPH (2) (1), GAPDH (1), GAPDH (37) (1), GAPDH-R (1) (1), GGG-3 (1) (1), GU214026 (1) (1), Gapdh (3) (1), Gapdh_R.P (1) (1), Genes (1) (1), Human (1) (1), HumanGAPDH-F (1) (1), IDT (1) (1), K17 (1) (1), Mouse (1) (1), Name (1) (1), Relative (2) (1), The (1) (1), ULK1-R (1) (1), h-GAPDH (1) (1)",3.5,0.004,46,75," PMC10339941, PMC10348567, PMC10451965, PMC10918353, PMC11401735, PMC11555374, PMC11759767, PMC11806767, PMC166130, PMC3878325, PMC3972138, PMC3983882, PMC4053724, PMC446214, PMC4468096, PMC4779524, PMC4959553, PMC5082287, PMC5430879, PMC5507887, PMC5625832, PMC5892041, PMC6144160, PMC6316332, PMC6454860, PMC6525926, PMC6607305, PMC6923151, PMC6946967, PMC7191724, PMC7463081, PMC7652804, PMC7738052, PMC7785345, PMC7946636, PMC8280993, PMC8379647, PMC8869737, PMC9081506, PMC9098324, PMC9177072, PMC9303709, PMC9694927, PMC9830730,PMC10110545,PMC10175123"," PMC10079967, PMC10288410, PMC10417424, PMC10552107, PMC11035135, PMC11245498, PMC11371332, PMC11698831, PMC12074815, PMC2430575, PMC2612995, PMC3102612, PMC3261190, PMC3600535, PMC3614942, PMC3790238, PMC3805565, PMC3875784, PMC4106792, PMC4181779, PMC4319924, PMC4486777, PMC4524442, PMC4937099, PMC5346678, PMC5379945, PMC5646326, PMC5670205, PMC5771160, PMC5775404, PMC6003558, PMC6008445, PMC6180208, PMC6254932, PMC6344584, PMC6367548, PMC6419422, PMC6434084, PMC6487108, PMC6509054, PMC6585407, PMC6611815, PMC6824770, PMC6827109, PMC6855151, PMC6959572, PMC7018981, PMC7109318, PMC7411367, PMC7493860, PMC7667319, PMC7804954, PMC7852215, PMC8163867, PMC8665432, PMC8866175, PMC9034082, PMC9374586, PMC9411925, PMC9745654, PMC9827550,PMC10060357,PMC10092267,PMC11603164,PMC2612995,PMC3790238,PMC5670205,PMC6600174,PMC6815943,PMC8664267",8.0,908.0,NM_001034034.2,NM_001034034.2,455.0,613.0,474.0,632.0,forward,reverse_complement,GAPDH,GAPDH,60.68,59.68,55.0,55.0,46,70,3,4,4,,,,,,,,,,,,,,,,,,,,,"PMC10110545,PMC10175123,PMC10451965,PMC10918353,PMC11401735,PMC11555374,PMC11759767,PMC11806767,PMC3878325,PMC3972138,PMC4053724,PMC4468096,PMC5507887,PMC5625832,PMC6144160,PMC6607305,PMC6923151,PMC6946967,PMC7191724,PMC7463081,PMC7738052,PMC7946636,PMC8280993,PMC8379647,PMC8869737,PMC9081506,PMC9098324,PMC9303709,PMC9830730","PMC10339941,PMC10348567,PMC166130,PMC3983882,PMC446214,PMC4779524,PMC4959553,PMC5082287,PMC5430879,PMC5892041,PMC6316332,PMC6454860,PMC6525926,PMC7652804,PMC7785345,PMC9177072,PMC9694927","PMC10060357,PMC10092267,PMC10552107,PMC11035135,PMC11698831,PMC12074815,PMC2430575,PMC2612995,PMC3261190,PMC3614942,PMC3805565,PMC4106792,PMC4181779,PMC4319924,PMC4524442,PMC4937099,PMC5346678,PMC5379945,PMC5646326,PMC5670205,PMC5775404,PMC6003558,PMC6180208,PMC6434084,PMC6509054,PMC6600174,PMC6611815,PMC6815943,PMC6824770,PMC6855151,PMC6959572,PMC7109318,PMC7411367,PMC7493860,PMC7667319,PMC7804954,PMC7852215,PMC8163867,PMC8665432,PMC9034082,PMC9374586,PMC9411925,PMC9745654","PMC10079967,PMC10288410,PMC10417424,PMC11245498,PMC11371332,PMC11603164,PMC3102612,PMC3600535,PMC3790238,PMC3875784,PMC4486777,PMC5771160,PMC6008445,PMC6254932,PMC6344584,PMC6367548,PMC6419422,PMC6487108,PMC6585407,PMC6827109,PMC7018981,PMC8664267,PMC8866175,PMC9827550",29,17,43,24,,0,0.6456113102775936,0.9444444444444444,0.6666666666666667,73.94723218054635,88.51138306609863
CCTTGACTGTGCCGTTGAA,GGGTCATCATCTCTGCACCT,"Actin (1) (1), BoGAPDH-qF (1) (1), BoGAPDHS (1) (1), BtauGAPDH-F (2) (1), GADPH (1) (1), GAPD (1) (1), GAPDH (1), GAPDH (39) (1), GAPDH-F (2) (1), GAPDH-Forward (4) (1), Gapdh (11) (1), Gene (4) (1), QPCR-Mus-GAPDH-F (1) (1)","DAPDH (1) (1), G3PDH (1) (1), GADPH (1) (1), GAPDH (111) (1), GAPDH-F (3) (1), Glyceraldehyde-3-phosphate (1) (1), MgCl (1) (1), NM_001034034 (1) (1), ZO-1 (1) (1)",10.0,0.87,77,124," PMC10435835, PMC10573426, PMC10809708, PMC10909710, PMC11003084, PMC11088889, PMC11124176, PMC11515845, PMC11756119, PMC11968344, PMC11978569, PMC2483735, PMC2798723, PMC2973233, PMC2987993, PMC3263944, PMC3511184, PMC3517977, PMC3520929, PMC3569626, PMC3597326, PMC3642093, PMC3822813, PMC3822975, PMC3842496, PMC3900635, PMC3968062, PMC3978917, PMC4008135, PMC4031018, PMC4307254, PMC4335213, PMC4584061, PMC4668320, PMC5429935, PMC5485366, PMC5679375, PMC5746301, PMC5766999, PMC5952304, PMC5979936, PMC6124576, PMC6133107, PMC6167502, PMC6214003, PMC6328439, PMC6409362, PMC6459987, PMC6510285, PMC6612098, PMC6713719, PMC6796432, PMC7041105, PMC7118399, PMC7127041, PMC7211238, PMC7284977, PMC7336993, PMC7427765, PMC7662560, PMC7691249, PMC7725670, PMC7787000, PMC8353635, PMC8716208, PMC9276046, PMC9281021, PMC9392317, PMC9573886, PMC9897790, PMC9897913,PMC10159618,PMC9090918"," PMC10049502, PMC10144106, PMC10183583, PMC10205055, PMC10215827, PMC10353247, PMC10467142, PMC10537058, PMC10577946, PMC10668840, PMC10844290, PMC10867182, PMC10900626, PMC10910749, PMC11018944, PMC11084078, PMC11172500, PMC11188467, PMC11222854, PMC11226655, PMC11260031, PMC11395064, PMC11506304, PMC11530692, PMC11591463, PMC11639857, PMC11718956, PMC11746023, PMC11895244, PMC11942747, PMC11973270, PMC12021266, PMC12027075, PMC12116010, PMC2865165, PMC2976073, PMC3018137, PMC3056801, PMC3064593, PMC3177877, PMC3207927, PMC3837040, PMC3847308, PMC3851557, PMC3901558, PMC3975437, PMC4006809, PMC4093270, PMC4180839, PMC4243576, PMC4345813, PMC4353475, PMC4379073, PMC4744397, PMC4756532, PMC4891074, PMC4924273, PMC4966727, PMC5288341, PMC5347023, PMC5354862, PMC5662643, PMC5855938, PMC6127565, PMC6276186, PMC6325390, PMC6548822, PMC6563054, PMC6563294, PMC6664593, PMC6680671, PMC6722193, PMC6785638, PMC6912697, PMC7186304, PMC7238732, PMC7294674, PMC7375869, PMC7381234, PMC7414733, PMC7472369, PMC7517653, PMC7673597, PMC7684870, PMC7694315, PMC7786368, PMC7890263, PMC8173046, PMC8291223, PMC8356075, PMC8564303, PMC8567331, PMC8614563, PMC8753979, PMC8814581, PMC9026707, PMC9121101, PMC9137500, PMC9140735, PMC9147548, PMC9163156, PMC9179383, PMC9262717, PMC9275262, PMC9295012, PMC9324263, PMC9380335, PMC9478460, PMC9516411, PMC9533679, PMC9587240, PMC9632208, PMC9656489, PMC9688721, PMC9738492, PMC9781860, PMC9820639, PMC9950815, PMC9963637, PMC9996025,PMC10044098",1.0,0.0,NM_001034034.2,NM_001034034.2,231.0,418.0,249.0,437.0,forward,reverse_complement,GAPDH,GAPDH,58.94,59.83,52.6,55.0,73,121,2,4,4,,,,,,,,,,,,,,,,,,,,,"PMC5746301,PMC5952304,PMC6328439,PMC7118399","PMC10159618,PMC10435835,PMC10573426,PMC10809708,PMC10909710,PMC11003084,PMC11088889,PMC11124176,PMC11515845,PMC11756119,PMC11968344,PMC11978569,PMC2483735,PMC2798723,PMC2973233,PMC2987993,PMC3263944,PMC3511184,PMC3517977,PMC3520929,PMC3569626,PMC3597326,PMC3642093,PMC3822813,PMC3822975,PMC3842496,PMC3900635,PMC3968062,PMC3978917,PMC4008135,PMC4031018,PMC4307254,PMC4335213,PMC4584061,PMC4668320,PMC5429935,PMC5485366,PMC5679375,PMC5766999,PMC5979936,PMC6124576,PMC6133107,PMC6167502,PMC6214003,PMC6409362,PMC6459987,PMC6510285,PMC6612098,PMC6713719,PMC6796432,PMC7041105,PMC7127041,PMC7211238,PMC7284977,PMC7336993,PMC7427765,PMC7662560,PMC7691249,PMC7725670,PMC7787000,PMC8353635,PMC8716208,PMC9090918,PMC9276046,PMC9281021,PMC9392317,PMC9573886,PMC9897790,PMC9897913","PMC10044098,PMC10049502,PMC10144106,PMC10183583,PMC10205055,PMC10215827,PMC10353247,PMC10467142,PMC10537058,PMC10577946,PMC10668840,PMC10844290,PMC10867182,PMC10900626,PMC10910749,PMC11018944,PMC11084078,PMC11172500,PMC11188467,PMC11222854,PMC11226655,PMC11260031,PMC11395064,PMC11506304,PMC11530692,PMC11591463,PMC11639857,PMC11718956,PMC11746023,PMC11895244,PMC11942747,PMC11973270,PMC12021266,PMC12027075,PMC12116010,PMC2865165,PMC2976073,PMC3018137,PMC3056801,PMC3064593,PMC3177877,PMC3207927,PMC3837040,PMC3847308,PMC3851557,PMC3901558,PMC3975437,PMC4006809,PMC4093270,PMC4180839,PMC4243576,PMC4345813,PMC4353475,PMC4379073,PMC4744397,PMC4756532,PMC4891074,PMC4924273,PMC4966727,PMC5288341,PMC5347023,PMC5354862,PMC5662643,PMC5855938,PMC6127565,PMC6276186,PMC6325390,PMC6548822,PMC6563054,PMC6563294,PMC6664593,PMC6680671,PMC6722193,PMC6785638,PMC6912697,PMC7186304,PMC7238732,PMC7294674,PMC7375869,PMC7381234,PMC7414733,PMC7472369,PMC7517653,PMC7673597,PMC7684870,PMC7694315,PMC7786368,PMC7890263,PMC8173046,PMC8291223,PMC8356075,PMC8564303,PMC8567331,PMC8614563,PMC8753979,PMC8814581,PMC9026707,PMC9121101,PMC9137500,PMC9140735,PMC9147548,PMC9163156,PMC9179383,PMC9262717,PMC9275262,PMC9295012,PMC9324263,PMC9380335,PMC9478460,PMC9516411,PMC9533679,PMC9587240,PMC9632208,PMC9656489,PMC9688721,PMC9738492,PMC9781860,PMC9820639,PMC9950815,PMC9963637,PMC9996025",,4,69,121,0,,0,0.6316621491346093,0.9316666666666664,0.7033333333333331,73.59977412339713,88.08760868824122
AGGTGCAGAGATGATGACCC,CCACCCAGAAGACTGTGGAT,"DAPDH (1) (1), G3PDH (1) (1), GADPH (1) (1), GAPDH (111) (1), GAPDH-F (3) (1), Glyceraldehyde-3-phosphate (1) (1), MgCl (1) (1), NM_001034034 (1) (1), ZO-1 (1) (1)","Bovine (1) (1), ChIP (2) (1), For (1) (1), GADPH (2) (1), GAPDH (1), GAPDH (37) (1), GAPDH-R (1) (1), GGG-3 (1) (1), GU214026 (1) (1), Gapdh (3) (1), Gapdh_R.P (1) (1), Genes (1) (1), Human (1) (1), HumanGAPDH-F (1) (1), IDT (1) (1), K17 (1) (1), Mouse (1) (1), Name (1) (1), Relative (2) (1), The (1) (1), ULK1-R (1) (1), h-GAPDH (1) (1)",0.87,0.004,124,75," PMC10049502, PMC10144106, PMC10183583, PMC10205055, PMC10215827, PMC10353247, PMC10467142, PMC10537058, PMC10577946, PMC10668840, PMC10844290, PMC10867182, PMC10900626, PMC10910749, PMC11018944, PMC11084078, PMC11172500, PMC11188467, PMC11222854, PMC11226655, PMC11260031, PMC11395064, PMC11506304, PMC11530692, PMC11591463, PMC11639857, PMC11718956, PMC11746023, PMC11895244, PMC11942747, PMC11973270, PMC12021266, PMC12027075, PMC12116010, PMC2865165, PMC2976073, PMC3018137, PMC3056801, PMC3064593, PMC3177877, PMC3207927, PMC3837040, PMC3847308, PMC3851557, PMC3901558, PMC3975437, PMC4006809, PMC4093270, PMC4180839, PMC4243576, PMC4345813, PMC4353475, PMC4379073, PMC4744397, PMC4756532, PMC4891074, PMC4924273, PMC4966727, PMC5288341, PMC5347023, PMC5354862, PMC5662643, PMC5855938, PMC6127565, PMC6276186, PMC6325390, PMC6548822, PMC6563054, PMC6563294, PMC6664593, PMC6680671, PMC6722193, PMC6785638, PMC6912697, PMC7186304, PMC7238732, PMC7294674, PMC7375869, PMC7381234, PMC7414733, PMC7472369, PMC7517653, PMC7673597, PMC7684870, PMC7694315, PMC7786368, PMC7890263, PMC8173046, PMC8291223, PMC8356075, PMC8564303, PMC8567331, PMC8614563, PMC8753979, PMC8814581, PMC9026707, PMC9121101, PMC9137500, PMC9140735, PMC9147548, PMC9163156, PMC9179383, PMC9262717, PMC9275262, PMC9295012, PMC9324263, PMC9380335, PMC9478460, PMC9516411, PMC9533679, PMC9587240, PMC9632208, PMC9656489, PMC9688721, PMC9738492, PMC9781860, PMC9820639, PMC9950815, PMC9963637, PMC9996025,PMC10044098"," PMC10079967, PMC10288410, PMC10417424, PMC10552107, PMC11035135, PMC11245498, PMC11371332, PMC11698831, PMC12074815, PMC2430575, PMC2612995, PMC3102612, PMC3261190, PMC3600535, PMC3614942, PMC3790238, PMC3805565, PMC3875784, PMC4106792, PMC4181779, PMC4319924, PMC4486777, PMC4524442, PMC4937099, PMC5346678, PMC5379945, PMC5646326, PMC5670205, PMC5771160, PMC5775404, PMC6003558, PMC6008445, PMC6180208, PMC6254932, PMC6344584, PMC6367548, PMC6419422, PMC6434084, PMC6487108, PMC6509054, PMC6585407, PMC6611815, PMC6824770, PMC6827109, PMC6855151, PMC6959572, PMC7018981, PMC7109318, PMC7411367, PMC7493860, PMC7667319, PMC7804954, PMC7852215, PMC8163867, PMC8665432, PMC8866175, PMC9034082, PMC9374586, PMC9411925, PMC9745654, PMC9827550,PMC10060357,PMC10092267,PMC11603164,PMC2612995,PMC3790238,PMC5670205,PMC6600174,PMC6815943,PMC8664267",0.0,908.0,NM_001034034.2,NM_001034034.2,418.0,613.0,437.0,632.0,forward,reverse_complement,GAPDH,GAPDH,59.83,59.68,55.0,55.0,121,70,4,4,4,,,,,,,,,,,,,,,,,,,,,,"PMC10044098,PMC10049502,PMC10144106,PMC10183583,PMC10205055,PMC10215827,PMC10353247,PMC10467142,PMC10537058,PMC10577946,PMC10668840,PMC10844290,PMC10867182,PMC10900626,PMC10910749,PMC11018944,PMC11084078,PMC11172500,PMC11188467,PMC11222854,PMC11226655,PMC11260031,PMC11395064,PMC11506304,PMC11530692,PMC11591463,PMC11639857,PMC11718956,PMC11746023,PMC11895244,PMC11942747,PMC11973270,PMC12021266,PMC12027075,PMC12116010,PMC2865165,PMC2976073,PMC3018137,PMC3056801,PMC3064593,PMC3177877,PMC3207927,PMC3837040,PMC3847308,PMC3851557,PMC3901558,PMC3975437,PMC4006809,PMC4093270,PMC4180839,PMC4243576,PMC4345813,PMC4353475,PMC4379073,PMC4744397,PMC4756532,PMC4891074,PMC4924273,PMC4966727,PMC5288341,PMC5347023,PMC5354862,PMC5662643,PMC5855938,PMC6127565,PMC6276186,PMC6325390,PMC6548822,PMC6563054,PMC6563294,PMC6664593,PMC6680671,PMC6722193,PMC6785638,PMC6912697,PMC7186304,PMC7238732,PMC7294674,PMC7375869,PMC7381234,PMC7414733,PMC7472369,PMC7517653,PMC7673597,PMC7684870,PMC7694315,PMC7786368,PMC7890263,PMC8173046,PMC8291223,PMC8356075,PMC8564303,PMC8567331,PMC8614563,PMC8753979,PMC8814581,PMC9026707,PMC9121101,PMC9137500,PMC9140735,PMC9147548,PMC9163156,PMC9179383,PMC9262717,PMC9275262,PMC9295012,PMC9324263,PMC9380335,PMC9478460,PMC9516411,PMC9533679,PMC9587240,PMC9632208,PMC9656489,PMC9688721,PMC9738492,PMC9781860,PMC9820639,PMC9950815,PMC9963637,PMC9996025","PMC10060357,PMC10092267,PMC10552107,PMC11035135,PMC11698831,PMC12074815,PMC2430575,PMC2612995,PMC3261190,PMC3614942,PMC3805565,PMC4106792,PMC4181779,PMC4319924,PMC4524442,PMC4937099,PMC5346678,PMC5379945,PMC5646326,PMC5670205,PMC5775404,PMC6003558,PMC6180208,PMC6434084,PMC6509054,PMC6600174,PMC6611815,PMC6815943,PMC6824770,PMC6855151,PMC6959572,PMC7109318,PMC7411367,PMC7493860,PMC7667319,PMC7804954,PMC7852215,PMC8163867,PMC8665432,PMC9034082,PMC9374586,PMC9411925,PMC9745654","PMC10079967,PMC10288410,PMC10417424,PMC11245498,PMC11371332,PMC11603164,PMC3102612,PMC3600535,PMC3790238,PMC3875784,PMC4486777,PMC5771160,PMC6008445,PMC6254932,PMC6344584,PMC6367548,PMC6419422,PMC6487108,PMC6585407,PMC6827109,PMC7018981,PMC8664267,PMC8866175,PMC9827550",0,121,43,24,,0,0.5031872574518801,0.9727777777777776,0.9500000000000005,73.34269620592735,87.76704306321027
CTGTGCCGTTGAACTTGCC,GGGTCATCATCTCTGCACCT,"COX-1 (1) (1), GADPH (2) (1), GAPDH (28) (1), GAPDH-Forward (1) (1), Gapdh (3) (1), IFN- (1) (1), RAT (1) (1), Rat-GAPDH (1) (1), The (1) (1), gapdh (1) (1), r-GAPDH (1) (1)","DAPDH (1) (1), G3PDH (1) (1), GADPH (1) (1), GAPDH (111) (1), GAPDH-F (3) (1), Glyceraldehyde-3-phosphate (1) (1), MgCl (1) (1), NM_001034034 (1) (1), ZO-1 (1) (1)",2.6,0.87,44,124," PMC10832490, PMC11050989, PMC11120395, PMC11147910, PMC11181810, PMC11202296, PMC11204174, PMC11612223, PMC11753171, PMC11757674, PMC11932760, PMC11953504, PMC3278438, PMC3887066, PMC3907811, PMC4768950, PMC5137297, PMC5866324, PMC6120138, PMC6470988, PMC7154052, PMC7482001, PMC7496453, PMC7511505, PMC7775364, PMC8033335, PMC8039641, PMC8178283, PMC8365595, PMC8484790, PMC8511430, PMC8569322, PMC9015811, PMC9023332, PMC9028621, PMC9136499, PMC9141522, PMC9225241, PMC9500297, PMC9701426, PMC9842804, PMC9929786,PMC10096596"," PMC10049502, PMC10144106, PMC10183583, PMC10205055, PMC10215827, PMC10353247, PMC10467142, PMC10537058, PMC10577946, PMC10668840, PMC10844290, PMC10867182, PMC10900626, PMC10910749, PMC11018944, PMC11084078, PMC11172500, PMC11188467, PMC11222854, PMC11226655, PMC11260031, PMC11395064, PMC11506304, PMC11530692, PMC11591463, PMC11639857, PMC11718956, PMC11746023, PMC11895244, PMC11942747, PMC11973270, PMC12021266, PMC12027075, PMC12116010, PMC2865165, PMC2976073, PMC3018137, PMC3056801, PMC3064593, PMC3177877, PMC3207927, PMC3837040, PMC3847308, PMC3851557, PMC3901558, PMC3975437, PMC4006809, PMC4093270, PMC4180839, PMC4243576, PMC4345813, PMC4353475, PMC4379073, PMC4744397, PMC4756532, PMC4891074, PMC4924273, PMC4966727, PMC5288341, PMC5347023, PMC5354862, PMC5662643, PMC5855938, PMC6127565, PMC6276186, PMC6325390, PMC6548822, PMC6563054, PMC6563294, PMC6664593, PMC6680671, PMC6722193, PMC6785638, PMC6912697, PMC7186304, PMC7238732, PMC7294674, PMC7375869, PMC7381234, PMC7414733, PMC7472369, PMC7517653, PMC7673597, PMC7684870, PMC7694315, PMC7786368, PMC7890263, PMC8173046, PMC8291223, PMC8356075, PMC8564303, PMC8567331, PMC8614563, PMC8753979, PMC8814581, PMC9026707, PMC9121101, PMC9137500, PMC9140735, PMC9147548, PMC9163156, PMC9179383, PMC9262717, PMC9275262, PMC9295012, PMC9324263, PMC9380335, PMC9478460, PMC9516411, PMC9533679, PMC9587240, PMC9632208, PMC9656489, PMC9688721, PMC9738492, PMC9781860, PMC9820639, PMC9950815, PMC9963637, PMC9996025,PMC10044098",0.0,0.0,NM_001034034.2,NM_001034034.2,225.0,418.0,243.0,437.0,forward,reverse_complement,GAPDH,GAPDH,60.64,59.83,57.9,55.0,43,121,3,4,4,,,,,,,,,,,,,,,,,,,,,"PMC10096596,PMC8569322","PMC10832490,PMC11050989,PMC11120395,PMC11147910,PMC11181810,PMC11202296,PMC11204174,PMC11612223,PMC11753171,PMC11757674,PMC11932760,PMC11953504,PMC3278438,PMC3887066,PMC3907811,PMC4768950,PMC5137297,PMC5866324,PMC6120138,PMC6470988,PMC7154052,PMC7482001,PMC7496453,PMC7511505,PMC7775364,PMC8033335,PMC8039641,PMC8178283,PMC8365595,PMC8484790,PMC8511430,PMC9015811,PMC9023332,PMC9028621,PMC9136499,PMC9141522,PMC9225241,PMC9500297,PMC9701426,PMC9842804,PMC9929786","PMC10044098,PMC10049502,PMC10144106,PMC10183583,PMC10205055,PMC10215827,PMC10353247,PMC10467142,PMC10537058,PMC10577946,PMC10668840,PMC10844290,PMC10867182,PMC10900626,PMC10910749,PMC11018944,PMC11084078,PMC11172500,PMC11188467,PMC11222854,PMC11226655,PMC11260031,PMC11395064,PMC11506304,PMC11530692,PMC11591463,PMC11639857,PMC11718956,PMC11746023,PMC11895244,PMC11942747,PMC11973270,PMC12021266,PMC12027075,PMC12116010,PMC2865165,PMC2976073,PMC3018137,PMC3056801,PMC3064593,PMC3177877,PMC3207927,PMC3837040,PMC3847308,PMC3851557,PMC3901558,PMC3975437,PMC4006809,PMC4093270,PMC4180839,PMC4243576,PMC4345813,PMC4353475,PMC4379073,PMC4744397,PMC4756532,PMC4891074,PMC4924273,PMC4966727,PMC5288341,PMC5347023,PMC5354862,PMC5662643,PMC5855938,PMC6127565,PMC6276186,PMC6325390,PMC6548822,PMC6563054,PMC6563294,PMC6664593,PMC6680671,PMC6722193,PMC6785638,PMC6912697,PMC7186304,PMC7238732,PMC7294674,PMC7375869,PMC7381234,PMC7414733,PMC7472369,PMC7517653,PMC7673597,PMC7684870,PMC7694315,PMC7786368,PMC7890263,PMC8173046,PMC8291223,PMC8356075,PMC8564303,PMC8567331,PMC8614563,PMC8753979,PMC8814581,PMC9026707,PMC9121101,PMC9137500,PMC9140735,PMC9147548,PMC9163156,PMC9179383,PMC9262717,PMC9275262,PMC9295012,PMC9324263,PMC9380335,PMC9478460,PMC9516411,PMC9533679,PMC9587240,PMC9632208,PMC9656489,PMC9688721,PMC9738492,PMC9781860,PMC9820639,PMC9950815,PMC9963637,PMC9996025",,2,41,121,0,,0,0.5876036947224699,0.9133333333333332,0.7299999999999993,71.38018473612348,85.12015414161802
CAAGTTCAACGGCACAGTCA,GTTTGTGATGGGCGTGAACC,"GADPH (1) (1), GAPDH (28) (1), GAPDH-F (1) (1), Gapdh (4) (1), Gene (1) (1), Glyceraldehyde (1) (1), Hokkaido (1) (1), Maxima (1) (1), Rat-Gapdh-Long (1) (1), Rvs (1) (1), Sequence (1) (1), StepOnePlus (1) (1), Taget (1) (1), Target (1) (1), glyceraldehyde (1) (1), rGAPDH (2) (1)","GAPDH (19) (1), GAPDH_1R (1) (1), Gapdh (1) (1), Gene (4) (1), Genes (1) (1), Glyceraldehyde-3-Phosphate (1) (1), HM043737.1 (1) (1), NM_001034034.2 (1) (1), The (1) (1), eGAPDH (1) (1), gapdh (4) (1), qH-GAPDH-F (1) (1)",3.5,3.5,57,46," PMC10283203, PMC10588246, PMC10781483, PMC10997931, PMC11234270, PMC11407055, PMC11436845, PMC11717017, PMC11969173, PMC12077435, PMC12102876, PMC4042159, PMC4235940, PMC4242407, PMC4245844, PMC4951504, PMC4991673, PMC5042912, PMC5354649, PMC5503227, PMC5664190, PMC5763109, PMC5842661, PMC5872544, PMC5878206, PMC6024375, PMC6151093, PMC6236311, PMC6295077, PMC6349201, PMC6450141, PMC6525198, PMC6539174, PMC6701320, PMC6838542, PMC6929417, PMC7011429, PMC7429751, PMC7519869, PMC7787033, PMC7794979, PMC7837563, PMC8002021, PMC8139161, PMC8194056, PMC8961308, PMC9366522, PMC9428790, PMC9596877, PMC9675109, PMC9688563, PMC9810656, PMC9822674, PMC9857073,PMC10250921,PMC6969028"," PMC10339941, PMC10348567, PMC10451965, PMC10918353, PMC11401735, PMC11555374, PMC11759767, PMC11806767, PMC166130, PMC3878325, PMC3972138, PMC3983882, PMC4053724, PMC446214, PMC4468096, PMC4779524, PMC4959553, PMC5082287, PMC5430879, PMC5507887, PMC5625832, PMC5892041, PMC6144160, PMC6316332, PMC6454860, PMC6525926, PMC6607305, PMC6923151, PMC6946967, PMC7191724, PMC7463081, PMC7652804, PMC7738052, PMC7785345, PMC7946636, PMC8280993, PMC8379647, PMC8869737, PMC9081506, PMC9098324, PMC9177072, PMC9303709, PMC9694927, PMC9830730,PMC10110545,PMC10175123",69.0,8.0,NM_001034034.2,NM_001034034.2,227.0,455.0,246.0,474.0,forward,reverse_complement,GAPDH,GAPDH,59.63,60.68,50.0,55.0,56,46,3,3,5,,,,,,,,,,,,,,,,,,,,,"PMC10250921,PMC10588246,PMC10997931,PMC11234270,PMC11969173,PMC12077435,PMC4235940,PMC4242407,PMC4245844,PMC4991673,PMC5042912,PMC5763109,PMC5872544,PMC6024375,PMC6151093,PMC6236311,PMC6349201,PMC6450141,PMC6525198,PMC6539174,PMC6701320,PMC6929417,PMC6969028,PMC7429751,PMC7519869,PMC7837563,PMC8002021,PMC8961308,PMC9596877,PMC9822674","PMC10283203,PMC10781483,PMC11407055,PMC11436845,PMC11717017,PMC12102876,PMC4042159,PMC4951504,PMC5354649,PMC5503227,PMC5664190,PMC5842661,PMC5878206,PMC6295077,PMC6838542,PMC7011429,PMC7787033,PMC7794979,PMC8139161,PMC8194056,PMC9366522,PMC9428790,PMC9675109,PMC9688563,PMC9810656,PMC9857073","PMC10339941,PMC10348567,PMC166130,PMC3983882,PMC446214,PMC4779524,PMC4959553,PMC5082287,PMC5430879,PMC5892041,PMC6316332,PMC6454860,PMC6525926,PMC7652804,PMC7785345,PMC9177072,PMC9694927","PMC10110545,PMC10175123,PMC10451965,PMC10918353,PMC11401735,PMC11555374,PMC11759767,PMC11806767,PMC3878325,PMC3972138,PMC4053724,PMC4468096,PMC5507887,PMC5625832,PMC6144160,PMC6607305,PMC6923151,PMC6946967,PMC7191724,PMC7463081,PMC7738052,PMC7946636,PMC8280993,PMC8379647,PMC8869737,PMC9081506,PMC9098324,PMC9303709,PMC9830730",30,26,17,29,,0,0.5952699596157137,0.9416666666666669,0.650000000000001,71.01349798078571,84.58603213316643
AGTTCAACGGCACAGTCAAG,GTTTGTGATGGGCGTGAACC,"AF106860 (1) (1), G-CSFR (1) (1), GAPDH (26) (1), GAPDH-rat-F (4) (1), Gapdh (13) (1), Gene (1) (1), Glyceraldehyde-3-phosphate (2) (1), Rat (1) (1), Rat-RT (1) (1), The (1) (1), XM_017593963.1 (1) (1), gapdh (1) (1), rat (1) (1)","GAPDH (19) (1), GAPDH_1R (1) (1), Gapdh (1) (1), Gene (4) (1), Genes (1) (1), Glyceraldehyde-3-Phosphate (1) (1), HM043737.1 (1) (1), NM_001034034.2 (1) (1), The (1) (1), eGAPDH (1) (1), gapdh (4) (1), qH-GAPDH-F (1) (1)",14.0,3.5,67,46," PMC10536457, PMC10762278, PMC10849447, PMC10940715, PMC10968489, PMC11327439, PMC11468164, PMC11577613, PMC11793005, PMC11825845, PMC11848074, PMC11870862, PMC11935148, PMC12037881, PMC2613928, PMC2792153, PMC3142078, PMC3560665, PMC3786846, PMC3814312, PMC4016842, PMC4338147, PMC4480275, PMC4713065, PMC4968436, PMC5297758, PMC5338919, PMC5561782, PMC5574297, PMC5612814, PMC5638797, PMC5641094, PMC5770135, PMC6010993, PMC6090732, PMC6296074, PMC6465364, PMC6487426, PMC6599894, PMC6720052, PMC6777142, PMC6995541, PMC7338851, PMC7385464, PMC7445436, PMC7448506, PMC7481892, PMC7649396, PMC7692322, PMC7693093, PMC7755393, PMC7760711, PMC7797467, PMC8066303, PMC8358959, PMC8415403, PMC8461621, PMC9094579, PMC9235350, PMC9617019, PMC9658360,PMC10265658,PMC2780890,PMC2792153,PMC4191425,PMC8934971"," PMC10339941, PMC10348567, PMC10451965, PMC10918353, PMC11401735, PMC11555374, PMC11759767, PMC11806767, PMC166130, PMC3878325, PMC3972138, PMC3983882, PMC4053724, PMC446214, PMC4468096, PMC4779524, PMC4959553, PMC5082287, PMC5430879, PMC5507887, PMC5625832, PMC5892041, PMC6144160, PMC6316332, PMC6454860, PMC6525926, PMC6607305, PMC6923151, PMC6946967, PMC7191724, PMC7463081, PMC7652804, PMC7738052, PMC7785345, PMC7946636, PMC8280993, PMC8379647, PMC8869737, PMC9081506, PMC9098324, PMC9177072, PMC9303709, PMC9694927, PMC9830730,PMC10110545,PMC10175123",326.0,8.0,NM_001034034.2,NM_001034034.2,229.0,455.0,248.0,474.0,forward,reverse_complement,GAPDH,GAPDH,59.34,60.68,50.0,55.0,66,46,3,3,5,,,,,,,,,,,,,,,,,,,,,"PMC10265658,PMC10536457,PMC10762278,PMC10849447,PMC10940715,PMC10968489,PMC11327439,PMC11468164,PMC11577613,PMC11793005,PMC11825845,PMC11848074,PMC11870862,PMC11935148,PMC12037881,PMC2613928,PMC2780890,PMC2792153,PMC3142078,PMC3560665,PMC3786846,PMC3814312,PMC4016842,PMC4191425,PMC4338147,PMC4480275,PMC4713065,PMC4968436,PMC5297758,PMC5338919,PMC5561782,PMC5574297,PMC5612814,PMC5638797,PMC5770135,PMC6010993,PMC6296074,PMC6465364,PMC6487426,PMC6599894,PMC6720052,PMC6777142,PMC6995541,PMC7338851,PMC7385464,PMC7445436,PMC7448506,PMC7481892,PMC7649396,PMC7692322,PMC7693093,PMC7755393,PMC7760711,PMC7797467,PMC8066303,PMC8358959,PMC8415403,PMC8461621,PMC8934971,PMC9094579,PMC9235350,PMC9617019,PMC9658360","PMC5641094,PMC6090732","PMC10339941,PMC10348567,PMC166130,PMC3983882,PMC446214,PMC4779524,PMC4959553,PMC5082287,PMC5430879,PMC5892041,PMC6316332,PMC6454860,PMC6525926,PMC7652804,PMC7785345,PMC9177072,PMC9694927","PMC10110545,PMC10175123,PMC10451965,PMC10918353,PMC11401735,PMC11555374,PMC11759767,PMC11806767,PMC3878325,PMC3972138,PMC4053724,PMC4468096,PMC5507887,PMC5625832,PMC6144160,PMC6607305,PMC6923151,PMC6946967,PMC7191724,PMC7463081,PMC7738052,PMC7946636,PMC8280993,PMC8379647,PMC8869737,PMC9081506,PMC9098324,PMC9303709,PMC9830730",63,2,17,29,,0,0.6375853215555319,0.9255555555555558,0.5533333333333346,70.71259941110996,84.13837858354768
GGTTCACGCCCATCACAAAC,ATCACTGCCACCCAGAAGACT,"GAPDH (19) (1), GAPDH_1R (1) (1), Gapdh (1) (1), Gene (4) (1), Genes (1) (1), Glyceraldehyde-3-Phosphate (1) (1), HM043737.1 (1) (1), NM_001034034.2 (1) (1), The (1) (1), eGAPDH (1) (1), gapdh (4) (1), qH-GAPDH-F (1) (1)","ABI7500 (3) (1), Actin (1) (1), All (4) (1), Anti-sense (1) (1), BCL2L11 (1) (1), CASC9 (1) (1), CCAT1 (1) (1), Cell (1) (1), Conditions (1) (1), Data (1) (1), Expression (1) (1), For (2) (1), G3PDH (1) (1), GADPH (8) (1), GAPDH (97) (1), GAPDH-R (7) (1), GAPDH-S (1) (1), GAPDH-reverse (1) (1), GAPDHRT2 (1) (1), GAPDH_R (2) (1), GAS5 (1) (1), GAS5-AS1 (1) (1), GHET1 (1) (1), GTATT (1) (1), GTC (1) (1), Gapdh (2) (1), Gene (8) (1), Genes (1) (1), H19 (2) (1), HOTAIR (1) (1), Housekeeping (1) (1), IL-22 (1) (1), ITGB2-AS1 (1) (1), LET (1) (1), Lower (1) (1), M-GAPDH (2) (1), M-GAPDH-reverse (1) (1), MALAT1-forward5 (1) (1), MGMT (1) (1), MIR (1) (1), MiR (1) (1), MiR-200b (1) (1), Mmu-GAPDH-Reverse (1) (1), Mouse-GAPDH (1) (1), Name (1) (1), P21 (1) (1), RP11-708H21 (1) (1), RT-PCR (1) (1), Real-time (1) (1), Relative (2) (1), Reserve (1) (1), TGA (1) (1), The (11) (1), Then (1) (1), U6-Forward (1) (1), UCA1 (1) (1), hGAPDH-R (1) (1)",3.5,0.001,46,233," PMC10339941, PMC10348567, PMC10451965, PMC10918353, PMC11401735, PMC11555374, PMC11759767, PMC11806767, PMC166130, PMC3878325, PMC3972138, PMC3983882, PMC4053724, PMC446214, PMC4468096, PMC4779524, PMC4959553, PMC5082287, PMC5430879, PMC5507887, PMC5625832, PMC5892041, PMC6144160, PMC6316332, PMC6454860, PMC6525926, PMC6607305, PMC6923151, PMC6946967, PMC7191724, PMC7463081, PMC7652804, PMC7738052, PMC7785345, PMC7946636, PMC8280993, PMC8379647, PMC8869737, PMC9081506, PMC9098324, PMC9177072, PMC9303709, PMC9694927, PMC9830730,PMC10110545,PMC10175123"," PMC10068166, PMC10068475, PMC10471464, PMC10477743, PMC10493156, PMC10538271, PMC10756093, PMC10786957, PMC10837438, PMC10845971, PMC10875115, PMC10912270, PMC10959647, PMC10989371, PMC11033276, PMC11125012, PMC11350746, PMC11424367, PMC11442332, PMC11472645, PMC11625957, PMC11752633, PMC11774238, PMC11848563, PMC11869541, PMC11896593, PMC11983445, PMC12017271, PMC12023973, PMC12085233, PMC1283365, PMC1586025, PMC2248730, PMC2409871, PMC2684548, PMC2695822, PMC2869226, PMC2938373, PMC3151525, PMC3237573, PMC3526311, PMC3621571, PMC3621893, PMC3732262, PMC3796503, PMC3851462, PMC4022532, PMC4085645, PMC4361641, PMC4443285, PMC4556036, PMC4582557, PMC4591691, PMC4599723, PMC4652179, PMC4669740, PMC4795576, PMC4802206, PMC4951062, PMC4973264, PMC5019907, PMC5048611, PMC5078027, PMC5118531, PMC5122352, PMC5122355, PMC5134409, PMC5295399, PMC5329818, PMC5356718, PMC5368973, PMC5383984, PMC5392286, PMC5402552, PMC5436562, PMC5438619, PMC5520935, PMC5567045, PMC5569284, PMC5573886, PMC5642544, PMC5689618, PMC5689694, PMC5715270, PMC5741752, PMC5787427, PMC5832871, PMC5865577, PMC5866008, PMC5870589, PMC5920369, PMC5955026, PMC5958754, PMC5994212, PMC6002131, PMC6004700, PMC6045496, PMC6096144, PMC6126236, PMC6131202, PMC6131614, PMC6143905, PMC6168696, PMC6190633, PMC6317960, PMC6330481, PMC6367387, PMC6484318, PMC6497912, PMC6580102, PMC6610686, PMC6615921, PMC6704292, PMC6716066, PMC6760481, PMC6761235, PMC6813144, PMC6824708, PMC6844630, PMC6848151, PMC6851516, PMC6855145, PMC6878904, PMC6901053, PMC6943908, PMC6987416, PMC7005641, PMC7016407, PMC7055065, PMC7082961, PMC7106619, PMC7115215, PMC7132227, PMC7135170, PMC7142835, PMC7185117, PMC7191191, PMC7214183, PMC7226632, PMC7251795, PMC7254730, PMC7282062, PMC7307361, PMC7330091, PMC7373586, PMC7401907, PMC7429192, PMC7507598, PMC7517367, PMC7519587, PMC7521317, PMC7521539, PMC7533499, PMC7537480, PMC7560540, PMC7580178, PMC7583623, PMC7604460, PMC7646844, PMC7701573, PMC7708682, PMC7723070, PMC7780813, PMC7781911, PMC7797298, PMC7822225, PMC7841232, PMC7859998, PMC7883158, PMC7887644, PMC7931544, PMC7933330, PMC7938448, PMC7988958, PMC8055407, PMC8081883, PMC8100800, PMC8102869, PMC8109118, PMC8109123, PMC8111998, PMC8147563, PMC8164243, PMC8268297, PMC8278081, PMC8278330, PMC8313687, PMC8336869, PMC8380229, PMC8452820, PMC8483905, PMC8510682, PMC8511501, PMC8608530, PMC8630825, PMC8660608, PMC8805978, PMC8806570, PMC8863339, PMC8897034, PMC8924639, PMC8973977, PMC8974224, PMC9006621, PMC9065560, PMC9070913, PMC9109328, PMC9161323, PMC9200549, PMC9200973, PMC9208058, PMC9225895, PMC9226974, PMC9252036, PMC9275981, PMC9372764, PMC9433273, PMC9454801, PMC9473877, PMC9530360, PMC9533370, PMC9585709, PMC9811394, PMC9830370, PMC9847630, PMC9987676,PMC10020108,PMC11233639,PMC11490720,PMC6746119,PMC6965140,PMC8563430",8.0,84.0,NM_001034034.2,NM_001034034.2,455.0,606.0,474.0,626.0,forward,reverse_complement,GAPDH,GAPDH,60.68,61.79,55.0,52.4,46,232,3,3,3,,,,,,,,,,,,,,,,,,,,,"PMC10110545,PMC10175123,PMC10451965,PMC10918353,PMC11401735,PMC11555374,PMC11759767,PMC11806767,PMC3878325,PMC3972138,PMC4053724,PMC4468096,PMC5507887,PMC5625832,PMC6144160,PMC6607305,PMC6923151,PMC6946967,PMC7191724,PMC7463081,PMC7738052,PMC7946636,PMC8280993,PMC8379647,PMC8869737,PMC9081506,PMC9098324,PMC9303709,PMC9830730","PMC10339941,PMC10348567,PMC166130,PMC3983882,PMC446214,PMC4779524,PMC4959553,PMC5082287,PMC5430879,PMC5892041,PMC6316332,PMC6454860,PMC6525926,PMC7652804,PMC7785345,PMC9177072,PMC9694927","PMC10020108,PMC10471464,PMC11350746,PMC2938373,PMC3621571,PMC4582557,PMC5436562,PMC5573886,PMC7185117,PMC7887644,PMC8563430,PMC9372764,PMC9454801","PMC10068166,PMC10068475,PMC10477743,PMC10493156,PMC10538271,PMC10756093,PMC10786957,PMC10837438,PMC10845971,PMC10875115,PMC10912270,PMC10959647,PMC10989371,PMC11033276,PMC11125012,PMC11233639,PMC11424367,PMC11442332,PMC11472645,PMC11490720,PMC11625957,PMC11752633,PMC11774238,PMC11848563,PMC11869541,PMC11896593,PMC11983445,PMC12017271,PMC12023973,PMC12085233,PMC1283365,PMC1586025,PMC2248730,PMC2409871,PMC2684548,PMC2695822,PMC2869226,PMC3151525,PMC3237573,PMC3526311,PMC3621893,PMC3732262,PMC3796503,PMC3851462,PMC4022532,PMC4085645,PMC4361641,PMC4443285,PMC4556036,PMC4591691,PMC4599723,PMC4652179,PMC4669740,PMC4795576,PMC4802206,PMC4951062,PMC4973264,PMC5019907,PMC5048611,PMC5078027,PMC5118531,PMC5122352,PMC5122355,PMC5134409,PMC5295399,PMC5329818,PMC5356718,PMC5368973,PMC5383984,PMC5392286,PMC5402552,PMC5438619,PMC5520935,PMC5567045,PMC5569284,PMC5642544,PMC5689618,PMC5689694,PMC5715270,PMC5741752,PMC5787427,PMC5832871,PMC5865577,PMC5866008,PMC5870589,PMC5920369,PMC5955026,PMC5958754,PMC5994212,PMC6002131,PMC6004700,PMC6045496,PMC6096144,PMC6126236,PMC6131202,PMC6131614,PMC6143905,PMC6168696,PMC6190633,PMC6317960,PMC6330481,PMC6367387,PMC6484318,PMC6497912,PMC6580102,PMC6610686,PMC6615921,PMC6704292,PMC6716066,PMC6746119,PMC6760481,PMC6761235,PMC6813144,PMC6824708,PMC6844630,PMC6848151,PMC6851516,PMC6855145,PMC6878904,PMC6901053,PMC6943908,PMC6965140,PMC6987416,PMC7005641,PMC7016407,PMC7055065,PMC7082961,PMC7106619,PMC7115215,PMC7132227,PMC7135170,PMC7142835,PMC7191191,PMC7214183,PMC7226632,PMC7251795,PMC7254730,PMC7282062,PMC7307361,PMC7330091,PMC7373586,PMC7401907,PMC7429192,PMC7507598,PMC7517367,PMC7519587,PMC7521317,PMC7521539,PMC7533499,PMC7537480,PMC7560540,PMC7580178,PMC7583623,PMC7604460,PMC7646844,PMC7701573,PMC7708682,PMC7723070,PMC7780813,PMC7781911,PMC7797298,PMC7822225,PMC7841232,PMC7859998,PMC7883158,PMC7931544,PMC7933330,PMC7938448,PMC7988958,PMC8055407,PMC8081883,PMC8100800,PMC8102869,PMC8109118,PMC8109123,PMC8111998,PMC8147563,PMC8164243,PMC8268297,PMC8278081,PMC8278330,PMC8313687,PMC8336869,PMC8380229,PMC8452820,PMC8483905,PMC8510682,PMC8511501,PMC8608530,PMC8630825,PMC8660608,PMC8805978,PMC8806570,PMC8863339,PMC8897034,PMC8924639,PMC8973977,PMC8974224,PMC9006621,PMC9065560,PMC9070913,PMC9109328,PMC9161323,PMC9200549,PMC9200973,PMC9208058,PMC9225895,PMC9226974,PMC9252036,PMC9275981,PMC9433273,PMC9473877,PMC9530360,PMC9533370,PMC9585709,PMC9811394,PMC9830370,PMC9847630,PMC9987676",29,17,13,219,,0,0.6287783089613717,0.8627777777777779,0.6300000000000001,69.92224878140192,82.92236302897282
CTGTGCCGTTGAACTTGCC,GTTTGTGATGGGCGTGAACC,"COX-1 (1) (1), GADPH (2) (1), GAPDH (28) (1), GAPDH-Forward (1) (1), Gapdh (3) (1), IFN- (1) (1), RAT (1) (1), Rat-GAPDH (1) (1), The (1) (1), gapdh (1) (1), r-GAPDH (1) (1)","GAPDH (19) (1), GAPDH_1R (1) (1), Gapdh (1) (1), Gene (4) (1), Genes (1) (1), Glyceraldehyde-3-Phosphate (1) (1), HM043737.1 (1) (1), NM_001034034.2 (1) (1), The (1) (1), eGAPDH (1) (1), gapdh (4) (1), qH-GAPDH-F (1) (1)",2.6,3.5,44,46," PMC10832490, PMC11050989, PMC11120395, PMC11147910, PMC11181810, PMC11202296, PMC11204174, PMC11612223, PMC11753171, PMC11757674, PMC11932760, PMC11953504, PMC3278438, PMC3887066, PMC3907811, PMC4768950, PMC5137297, PMC5866324, PMC6120138, PMC6470988, PMC7154052, PMC7482001, PMC7496453, PMC7511505, PMC7775364, PMC8033335, PMC8039641, PMC8178283, PMC8365595, PMC8484790, PMC8511430, PMC8569322, PMC9015811, PMC9023332, PMC9028621, PMC9136499, PMC9141522, PMC9225241, PMC9500297, PMC9701426, PMC9842804, PMC9929786,PMC10096596"," PMC10339941, PMC10348567, PMC10451965, PMC10918353, PMC11401735, PMC11555374, PMC11759767, PMC11806767, PMC166130, PMC3878325, PMC3972138, PMC3983882, PMC4053724, PMC446214, PMC4468096, PMC4779524, PMC4959553, PMC5082287, PMC5430879, PMC5507887, PMC5625832, PMC5892041, PMC6144160, PMC6316332, PMC6454860, PMC6525926, PMC6607305, PMC6923151, PMC6946967, PMC7191724, PMC7463081, PMC7652804, PMC7738052, PMC7785345, PMC7946636, PMC8280993, PMC8379647, PMC8869737, PMC9081506, PMC9098324, PMC9177072, PMC9303709, PMC9694927, PMC9830730,PMC10110545,PMC10175123",0.0,8.0,NM_001034034.2,NM_001034034.2,225.0,455.0,243.0,474.0,forward,reverse_complement,GAPDH,GAPDH,60.64,60.68,57.9,55.0,43,46,3,3,3,,,,,,,,,,,,,,,,,,,,,"PMC10096596,PMC8569322","PMC10832490,PMC11050989,PMC11120395,PMC11147910,PMC11181810,PMC11202296,PMC11204174,PMC11612223,PMC11753171,PMC11757674,PMC11932760,PMC11953504,PMC3278438,PMC3887066,PMC3907811,PMC4768950,PMC5137297,PMC5866324,PMC6120138,PMC6470988,PMC7154052,PMC7482001,PMC7496453,PMC7511505,PMC7775364,PMC8033335,PMC8039641,PMC8178283,PMC8365595,PMC8484790,PMC8511430,PMC9015811,PMC9023332,PMC9028621,PMC9136499,PMC9141522,PMC9225241,PMC9500297,PMC9701426,PMC9842804,PMC9929786","PMC10339941,PMC10348567,PMC166130,PMC3983882,PMC446214,PMC4779524,PMC4959553,PMC5082287,PMC5430879,PMC5892041,PMC6316332,PMC6454860,PMC6525926,PMC7652804,PMC7785345,PMC9177072,PMC9694927","PMC10110545,PMC10175123,PMC10451965,PMC10918353,PMC11401735,PMC11555374,PMC11759767,PMC11806767,PMC3878325,PMC3972138,PMC4053724,PMC4468096,PMC5507887,PMC5625832,PMC6144160,PMC6607305,PMC6923151,PMC6946967,PMC7191724,PMC7463081,PMC7738052,PMC7946636,PMC8280993,PMC8379647,PMC8869737,PMC9081506,PMC9098324,PMC9303709,PMC9830730",2,41,17,29,,0,0.4662400081052578,0.885,0.9866666666666669,69.59533373859624,82.40238253484624
AGTTCAACGGCACAGTCAAGG,GGGTCATCATCTCTGCACCT,"21 (1) (1), ATTGACCTC (1) (1), Direction (1) (1), For (1) (1), GAPDH (24) (1), Gapdh (2) (1), Gene (1) (1), Housekeeping (1) (1), Rat-GAPDH (1) (1), TLR2 (1) (1), The (2) (1), qGAPDH-F (2) (1), rat-GAPDH-forward (1) (1)","DAPDH (1) (1), G3PDH (1) (1), GADPH (1) (1), GAPDH (111) (1), GAPDH-F (3) (1), Glyceraldehyde-3-phosphate (1) (1), MgCl (1) (1), NM_001034034 (1) (1), ZO-1 (1) (1)",17.0,0.87,44,124," PMC10410816, PMC10617172, PMC10707067, PMC12060573, PMC3278664, PMC3556893, PMC4186373, PMC4297756, PMC4320203, PMC4687701, PMC4795547, PMC4843545, PMC4926382, PMC5501834, PMC5609973, PMC5647699, PMC5656347, PMC5713227, PMC5780102, PMC5919640, PMC6017742, PMC6085613, PMC6310895, PMC6547481, PMC6940881, PMC7021310, PMC7388412, PMC7823575, PMC8038804, PMC8290518, PMC8562412, PMC8685427, PMC8698029, PMC8806611, PMC8865977, PMC8962562, PMC9069901, PMC9083361, PMC9484947, PMC9668463, PMC9716220, PMC9834735,PMC10013763"," PMC10049502, PMC10144106, PMC10183583, PMC10205055, PMC10215827, PMC10353247, PMC10467142, PMC10537058, PMC10577946, PMC10668840, PMC10844290, PMC10867182, PMC10900626, PMC10910749, PMC11018944, PMC11084078, PMC11172500, PMC11188467, PMC11222854, PMC11226655, PMC11260031, PMC11395064, PMC11506304, PMC11530692, PMC11591463, PMC11639857, PMC11718956, PMC11746023, PMC11895244, PMC11942747, PMC11973270, PMC12021266, PMC12027075, PMC12116010, PMC2865165, PMC2976073, PMC3018137, PMC3056801, PMC3064593, PMC3177877, PMC3207927, PMC3837040, PMC3847308, PMC3851557, PMC3901558, PMC3975437, PMC4006809, PMC4093270, PMC4180839, PMC4243576, PMC4345813, PMC4353475, PMC4379073, PMC4744397, PMC4756532, PMC4891074, PMC4924273, PMC4966727, PMC5288341, PMC5347023, PMC5354862, PMC5662643, PMC5855938, PMC6127565, PMC6276186, PMC6325390, PMC6548822, PMC6563054, PMC6563294, PMC6664593, PMC6680671, PMC6722193, PMC6785638, PMC6912697, PMC7186304, PMC7238732, PMC7294674, PMC7375869, PMC7381234, PMC7414733, PMC7472369, PMC7517653, PMC7673597, PMC7684870, PMC7694315, PMC7786368, PMC7890263, PMC8173046, PMC8291223, PMC8356075, PMC8564303, PMC8567331, PMC8614563, PMC8753979, PMC8814581, PMC9026707, PMC9121101, PMC9137500, PMC9140735, PMC9147548, PMC9163156, PMC9179383, PMC9262717, PMC9275262, PMC9295012, PMC9324263, PMC9380335, PMC9478460, PMC9516411, PMC9533679, PMC9587240, PMC9632208, PMC9656489, PMC9688721, PMC9738492, PMC9781860, PMC9820639, PMC9950815, PMC9963637, PMC9996025,PMC10044098",0.0,0.0,NM_001034034.2,NM_001034034.2,229.0,418.0,249.0,437.0,forward,reverse_complement,GAPDH,GAPDH,61.73,59.83,52.4,55.0,43,121,3,4,3,,,,,,,,,,,,,,,,,,,,,"PMC10707067,PMC12060573,PMC3278664,PMC4186373,PMC4795547,PMC5609973,PMC5647699,PMC5656347,PMC5919640,PMC6310895,PMC6940881,PMC7021310,PMC7823575,PMC8290518,PMC8562412,PMC8685427,PMC8698029,PMC8806611,PMC9083361,PMC9668463,PMC9834735","PMC10013763,PMC10410816,PMC10617172,PMC3556893,PMC4297756,PMC4320203,PMC4687701,PMC4843545,PMC4926382,PMC5501834,PMC5713227,PMC5780102,PMC6017742,PMC6085613,PMC6547481,PMC7388412,PMC8038804,PMC8865977,PMC8962562,PMC9069901,PMC9484947,PMC9716220","PMC10044098,PMC10049502,PMC10144106,PMC10183583,PMC10205055,PMC10215827,PMC10353247,PMC10467142,PMC10537058,PMC10577946,PMC10668840,PMC10844290,PMC10867182,PMC10900626,PMC10910749,PMC11018944,PMC11084078,PMC11172500,PMC11188467,PMC11222854,PMC11226655,PMC11260031,PMC11395064,PMC11506304,PMC11530692,PMC11591463,PMC11639857,PMC11718956,PMC11746023,PMC11895244,PMC11942747,PMC11973270,PMC12021266,PMC12027075,PMC12116010,PMC2865165,PMC2976073,PMC3018137,PMC3056801,PMC3064593,PMC3177877,PMC3207927,PMC3837040,PMC3847308,PMC3851557,PMC3901558,PMC3975437,PMC4006809,PMC4093270,PMC4180839,PMC4243576,PMC4345813,PMC4353475,PMC4379073,PMC4744397,PMC4756532,PMC4891074,PMC4924273,PMC4966727,PMC5288341,PMC5347023,PMC5354862,PMC5662643,PMC5855938,PMC6127565,PMC6276186,PMC6325390,PMC6548822,PMC6563054,PMC6563294,PMC6664593,PMC6680671,PMC6722193,PMC6785638,PMC6912697,PMC7186304,PMC7238732,PMC7294674,PMC7375869,PMC7381234,PMC7414733,PMC7472369,PMC7517653,PMC7673597,PMC7684870,PMC7694315,PMC7786368,PMC7890263,PMC8173046,PMC8291223,PMC8356075,PMC8564303,PMC8567331,PMC8614563,PMC8753979,PMC8814581,PMC9026707,PMC9121101,PMC9137500,PMC9140735,PMC9147548,PMC9163156,PMC9179383,PMC9262717,PMC9275262,PMC9295012,PMC9324263,PMC9380335,PMC9478460,PMC9516411,PMC9533679,PMC9587240,PMC9632208,PMC9656489,PMC9688721,PMC9738492,PMC9781860,PMC9820639,PMC9950815,PMC9963637,PMC9996025",,21,22,121,0,,0,0.6901366973574258,0.8944444444444445,0.36666666666666714,68.67350153453798,80.88286488485767
AGTTCAACGGCACAGTCAAGG,GTTTGTGATGGGCGTGAACC,"21 (1) (1), ATTGACCTC (1) (1), Direction (1) (1), For (1) (1), GAPDH (24) (1), Gapdh (2) (1), Gene (1) (1), Housekeeping (1) (1), Rat-GAPDH (1) (1), TLR2 (1) (1), The (2) (1), qGAPDH-F (2) (1), rat-GAPDH-forward (1) (1)","GAPDH (19) (1), GAPDH_1R (1) (1), Gapdh (1) (1), Gene (4) (1), Genes (1) (1), Glyceraldehyde-3-Phosphate (1) (1), HM043737.1 (1) (1), NM_001034034.2 (1) (1), The (1) (1), eGAPDH (1) (1), gapdh (4) (1), qH-GAPDH-F (1) (1)",17.0,3.5,44,46," PMC10410816, PMC10617172, PMC10707067, PMC12060573, PMC3278664, PMC3556893, PMC4186373, PMC4297756, PMC4320203, PMC4687701, PMC4795547, PMC4843545, PMC4926382, PMC5501834, PMC5609973, PMC5647699, PMC5656347, PMC5713227, PMC5780102, PMC5919640, PMC6017742, PMC6085613, PMC6310895, PMC6547481, PMC6940881, PMC7021310, PMC7388412, PMC7823575, PMC8038804, PMC8290518, PMC8562412, PMC8685427, PMC8698029, PMC8806611, PMC8865977, PMC8962562, PMC9069901, PMC9083361, PMC9484947, PMC9668463, PMC9716220, PMC9834735,PMC10013763"," PMC10339941, PMC10348567, PMC10451965, PMC10918353, PMC11401735, PMC11555374, PMC11759767, PMC11806767, PMC166130, PMC3878325, PMC3972138, PMC3983882, PMC4053724, PMC446214, PMC4468096, PMC4779524, PMC4959553, PMC5082287, PMC5430879, PMC5507887, PMC5625832, PMC5892041, PMC6144160, PMC6316332, PMC6454860, PMC6525926, PMC6607305, PMC6923151, PMC6946967, PMC7191724, PMC7463081, PMC7652804, PMC7738052, PMC7785345, PMC7946636, PMC8280993, PMC8379647, PMC8869737, PMC9081506, PMC9098324, PMC9177072, PMC9303709, PMC9694927, PMC9830730,PMC10110545,PMC10175123",0.0,8.0,NM_001034034.2,NM_001034034.2,229.0,455.0,249.0,474.0,forward,reverse_complement,GAPDH,GAPDH,61.73,60.68,52.4,55.0,43,46,3,3,5,,,,,,,,,,,,,,,,,,,,,"PMC10707067,PMC12060573,PMC3278664,PMC4186373,PMC4795547,PMC5609973,PMC5647699,PMC5656347,PMC5919640,PMC6310895,PMC6940881,PMC7021310,PMC7823575,PMC8290518,PMC8562412,PMC8685427,PMC8698029,PMC8806611,PMC9083361,PMC9668463,PMC9834735","PMC10013763,PMC10410816,PMC10617172,PMC3556893,PMC4297756,PMC4320203,PMC4687701,PMC4843545,PMC4926382,PMC5501834,PMC5713227,PMC5780102,PMC6017742,PMC6085613,PMC6547481,PMC7388412,PMC8038804,PMC8865977,PMC8962562,PMC9069901,PMC9484947,PMC9716220","PMC10339941,PMC10348567,PMC166130,PMC3983882,PMC446214,PMC4779524,PMC4959553,PMC5082287,PMC5430879,PMC5892041,PMC6316332,PMC6454860,PMC6525926,PMC7652804,PMC7785345,PMC9177072,PMC9694927","PMC10110545,PMC10175123,PMC10451965,PMC10918353,PMC11401735,PMC11555374,PMC11759767,PMC11806767,PMC3878325,PMC3972138,PMC4053724,PMC4468096,PMC5507887,PMC5625832,PMC6144160,PMC6607305,PMC6923151,PMC6946967,PMC7191724,PMC7463081,PMC7738052,PMC7946636,PMC8280993,PMC8379647,PMC8869737,PMC9081506,PMC9098324,PMC9303709,PMC9830730",21,22,17,29,,0,0.5687730107402137,0.8661111111111113,0.650000000000001,67.42198387034405,78.69555484647601
AAGTTCAACGGCACAGTCAAGG,GGGTCATCATCTCTGCACCT,"121 (1) (1), GADPH (1) (1), GAP (1) (1), GAPDAH (1) (1), GAPDH (34) (1), GAPDH-F (1) (1), Gapdh (5) (1), Gene (1) (1), c-GAPDH (1) (1), gapdh (1) (1), n-DNA (1) (1), rat- (3) (1)","DAPDH (1) (1), G3PDH (1) (1), GADPH (1) (1), GAPDH (111) (1), GAPDH-F (3) (1), Glyceraldehyde-3-phosphate (1) (1), MgCl (1) (1), NM_001034034 (1) (1), ZO-1 (1) (1)",20.0,0.87,54,124," PMC10408016, PMC10552323, PMC10676529, PMC10955157, PMC11074268, PMC11237669, PMC11330151, PMC11339468, PMC11512431, PMC11521569, PMC11577739, PMC11673375, PMC11686907, PMC11743660, PMC11743768, PMC11771343, PMC12075817, PMC3813269, PMC3813272, PMC3985231, PMC4698330, PMC4705462, PMC4706733, PMC5019362, PMC6312672, PMC6403900, PMC6589982, PMC6907335, PMC6977618, PMC7239415, PMC7502907, PMC7554557, PMC7582058, PMC7645344, PMC7700443, PMC7758000, PMC7859984, PMC7878042, PMC8344085, PMC8380193, PMC8472561, PMC8666922, PMC8785478, PMC8806549, PMC8830423, PMC9094495, PMC9095412, PMC9148832, PMC9742899, PMC9803661,PMC10209690,PMC9569363"," PMC10049502, PMC10144106, PMC10183583, PMC10205055, PMC10215827, PMC10353247, PMC10467142, PMC10537058, PMC10577946, PMC10668840, PMC10844290, PMC10867182, PMC10900626, PMC10910749, PMC11018944, PMC11084078, PMC11172500, PMC11188467, PMC11222854, PMC11226655, PMC11260031, PMC11395064, PMC11506304, PMC11530692, PMC11591463, PMC11639857, PMC11718956, PMC11746023, PMC11895244, PMC11942747, PMC11973270, PMC12021266, PMC12027075, PMC12116010, PMC2865165, PMC2976073, PMC3018137, PMC3056801, PMC3064593, PMC3177877, PMC3207927, PMC3837040, PMC3847308, PMC3851557, PMC3901558, PMC3975437, PMC4006809, PMC4093270, PMC4180839, PMC4243576, PMC4345813, PMC4353475, PMC4379073, PMC4744397, PMC4756532, PMC4891074, PMC4924273, PMC4966727, PMC5288341, PMC5347023, PMC5354862, PMC5662643, PMC5855938, PMC6127565, PMC6276186, PMC6325390, PMC6548822, PMC6563054, PMC6563294, PMC6664593, PMC6680671, PMC6722193, PMC6785638, PMC6912697, PMC7186304, PMC7238732, PMC7294674, PMC7375869, PMC7381234, PMC7414733, PMC7472369, PMC7517653, PMC7673597, PMC7684870, PMC7694315, PMC7786368, PMC7890263, PMC8173046, PMC8291223, PMC8356075, PMC8564303, PMC8567331, PMC8614563, PMC8753979, PMC8814581, PMC9026707, PMC9121101, PMC9137500, PMC9140735, PMC9147548, PMC9163156, PMC9179383, PMC9262717, PMC9275262, PMC9295012, PMC9324263, PMC9380335, PMC9478460, PMC9516411, PMC9533679, PMC9587240, PMC9632208, PMC9656489, PMC9688721, PMC9738492, PMC9781860, PMC9820639, PMC9950815, PMC9963637, PMC9996025,PMC10044098",12.0,0.0,NM_001034034.2,NM_001034034.2,228.0,418.0,249.0,437.0,forward,reverse_complement,GAPDH,GAPDH,62.24,59.83,50.0,55.0,52,121,3,4,3,,,,,,,,,,,,,,,,,,,,,"PMC10209690,PMC10408016,PMC10552323,PMC10676529,PMC10955157,PMC11074268,PMC11237669,PMC11330151,PMC11339468,PMC11512431,PMC11521569,PMC11577739,PMC11673375,PMC11686907,PMC11743660,PMC11743768,PMC11771343,PMC12075817,PMC3813269,PMC3813272,PMC3985231,PMC4698330,PMC4705462,PMC4706733,PMC5019362,PMC6312672,PMC6403900,PMC6589982,PMC6907335,PMC6977618,PMC7239415,PMC7502907,PMC7554557,PMC7582058,PMC7645344,PMC7700443,PMC7758000,PMC7859984,PMC7878042,PMC8344085,PMC8380193,PMC8472561,PMC8666922,PMC8785478,PMC8806549,PMC8830423,PMC9094495,PMC9095412,PMC9148832,PMC9569363,PMC9742899,PMC9803661",,"PMC10044098,PMC10049502,PMC10144106,PMC10183583,PMC10205055,PMC10215827,PMC10353247,PMC10467142,PMC10537058,PMC10577946,PMC10668840,PMC10844290,PMC10867182,PMC10900626,PMC10910749,PMC11018944,PMC11084078,PMC11172500,PMC11188467,PMC11222854,PMC11226655,PMC11260031,PMC11395064,PMC11506304,PMC11530692,PMC11591463,PMC11639857,PMC11718956,PMC11746023,PMC11895244,PMC11942747,PMC11973270,PMC12021266,PMC12027075,PMC12116010,PMC2865165,PMC2976073,PMC3018137,PMC3056801,PMC3064593,PMC3177877,PMC3207927,PMC3837040,PMC3847308,PMC3851557,PMC3901558,PMC3975437,PMC4006809,PMC4093270,PMC4180839,PMC4243576,PMC4345813,PMC4353475,PMC4379073,PMC4744397,PMC4756532,PMC4891074,PMC4924273,PMC4966727,PMC5288341,PMC5347023,PMC5354862,PMC5662643,PMC5855938,PMC6127565,PMC6276186,PMC6325390,PMC6548822,PMC6563054,PMC6563294,PMC6664593,PMC6680671,PMC6722193,PMC6785638,PMC6912697,PMC7186304,PMC7238732,PMC7294674,PMC7375869,PMC7381234,PMC7414733,PMC7472369,PMC7517653,PMC7673597,PMC7684870,PMC7694315,PMC7786368,PMC7890263,PMC8173046,PMC8291223,PMC8356075,PMC8564303,PMC8567331,PMC8614563,PMC8753979,PMC8814581,PMC9026707,PMC9121101,PMC9137500,PMC9140735,PMC9147548,PMC9163156,PMC9179383,PMC9262717,PMC9275262,PMC9295012,PMC9324263,PMC9380335,PMC9478460,PMC9516411,PMC9533679,PMC9587240,PMC9632208,PMC9656489,PMC9688721,PMC9738492,PMC9781860,PMC9820639,PMC9950815,PMC9963637,PMC9996025",,52,0,121,0,,0,0.7417454652521037,0.8661111111111108,0.19666666666666544,67.00393992927182,77.93360600455436
CTGTGCCGTTGAACTTGC,GGGTCATCATCTCTGCACCT,"AAG (1) (1), All (1) (1), Bovine (1) (1), GAPDH (143) (1), GAPDH-F (11) (1), GAPDH-FWD (1) (1), GAPDH-R (1) (1), Gapdh (12) (1), Gene (4) (1), Mouse (2) (1), R-GAPDH-S (1) (1), ROR (1) (1), Rat (5) (1), Rat-GAPDH (4) (1), Rat-GAPDH-F (1) (1), Rat-Gapdh (1) (1), Samples (1) (1), TTC (1) (1), The (4) (1), gapdh (1) (1), r-GAPDH-q (1) (1), rGAPDH (1) (1)","DAPDH (1) (1), G3PDH (1) (1), GADPH (1) (1), GAPDH (111) (1), GAPDH-F (3) (1), Glyceraldehyde-3-phosphate (1) (1), MgCl (1) (1), NM_001034034 (1) (1), ZO-1 (1) (1)",1.7,0.87,213,124," PMC10072493, PMC10110471, PMC10173161, PMC10288139, PMC10318776, PMC10320255, PMC10407629, PMC10503267, PMC10559748, PMC10782161, PMC10797231, PMC10809007, PMC10832128, PMC10847949, PMC11040268, PMC11042749, PMC11087736, PMC11140985, PMC11199688, PMC11236275, PMC11295093, PMC11295095, PMC11323362, PMC11358857, PMC11371590, PMC11413004, PMC11471265, PMC11487783, PMC11506376, PMC11541578, PMC11541688, PMC11561675, PMC11597445, PMC11659794, PMC11682160, PMC11754080, PMC11768181, PMC11827443, PMC11883388, PMC11910592, PMC11995611, PMC12012319, PMC12023261, PMC12046306, PMC12064686, PMC12073722, PMC12079404, PMC12092677, PMC12100757, PMC2903600, PMC3119690, PMC3281011, PMC3537593, PMC3598218, PMC3667092, PMC3710153, PMC3819370, PMC3905019, PMC3910462, PMC3930419, PMC3942494, PMC4152987, PMC4236169, PMC4312548, PMC4405832, PMC4479325, PMC4549548, PMC4554778, PMC4676841, PMC4704023, PMC4745324, PMC4916419, PMC4944080, PMC5019277, PMC5034516, PMC5037755, PMC5138608, PMC5203882, PMC5299405, PMC5299723, PMC5308253, PMC5373637, PMC5407042, PMC5428572, PMC5481879, PMC5490544, PMC5518541, PMC5560646, PMC5586430, PMC5605660, PMC5675692, PMC5680915, PMC5779761, PMC5784711, PMC5832130, PMC5846671, PMC5866007, PMC5891899, PMC5974192, PMC5999645, PMC6000215, PMC6006451, PMC6054837, PMC6091845, PMC6131220, PMC6131541, PMC6152118, PMC6154827, PMC6156464, PMC6192716, PMC6202109, PMC6236271, PMC6236283, PMC6298897, PMC6299793, PMC6305133, PMC6323232, PMC6340174, PMC6369175, PMC6388128, PMC6457134, PMC6471439, PMC6484312, PMC6484321, PMC6509355, PMC6509849, PMC6605973, PMC6659287, PMC6691245, PMC6694569, PMC6698967, PMC6747051, PMC6815570, PMC6874877, PMC6877772, PMC6896324, PMC6933326, PMC6945598, PMC7004298, PMC7020758, PMC7109411, PMC7140223, PMC7175346, PMC7178948, PMC7190807, PMC7203897, PMC7210138, PMC7232041, PMC7233605, PMC7397631, PMC7399637, PMC7415242, PMC7426539, PMC7505886, PMC7534346, PMC7551357, PMC7592321, PMC7823342, PMC7849163, PMC7851828, PMC7934528, PMC8005659, PMC8027675, PMC8040465, PMC8123961, PMC8274038, PMC8283866, PMC8355717, PMC8369192, PMC8576705, PMC8643296, PMC8652040, PMC8653610, PMC8674708, PMC8678408, PMC8741357, PMC8742498, PMC8751743, PMC8789417, PMC8794654, PMC8891201, PMC8925213, PMC8947828, PMC8972314, PMC9008318, PMC9036902, PMC9115692, PMC9134013, PMC9163388, PMC9213160, PMC9393364, PMC9398854, PMC9402293, PMC9440789, PMC9445571, PMC9459542, PMC9481392, PMC9578799, PMC9588221, PMC9619141, PMC9768954, PMC9795367, PMC9822672, PMC9825225, PMC9827276, PMC9916903, PMC9974285,PMC10067504,PMC10265049,PMC10477883,PMC8416715"," PMC10049502, PMC10144106, PMC10183583, PMC10205055, PMC10215827, PMC10353247, PMC10467142, PMC10537058, PMC10577946, PMC10668840, PMC10844290, PMC10867182, PMC10900626, PMC10910749, PMC11018944, PMC11084078, PMC11172500, PMC11188467, PMC11222854, PMC11226655, PMC11260031, PMC11395064, PMC11506304, PMC11530692, PMC11591463, PMC11639857, PMC11718956, PMC11746023, PMC11895244, PMC11942747, PMC11973270, PMC12021266, PMC12027075, PMC12116010, PMC2865165, PMC2976073, PMC3018137, PMC3056801, PMC3064593, PMC3177877, PMC3207927, PMC3837040, PMC3847308, PMC3851557, PMC3901558, PMC3975437, PMC4006809, PMC4093270, PMC4180839, PMC4243576, PMC4345813, PMC4353475, PMC4379073, PMC4744397, PMC4756532, PMC4891074, PMC4924273, PMC4966727, PMC5288341, PMC5347023, PMC5354862, PMC5662643, PMC5855938, PMC6127565, PMC6276186, PMC6325390, PMC6548822, PMC6563054, PMC6563294, PMC6664593, PMC6680671, PMC6722193, PMC6785638, PMC6912697, PMC7186304, PMC7238732, PMC7294674, PMC7375869, PMC7381234, PMC7414733, PMC7472369, PMC7517653, PMC7673597, PMC7684870, PMC7694315, PMC7786368, PMC7890263, PMC8173046, PMC8291223, PMC8356075, PMC8564303, PMC8567331, PMC8614563, PMC8753979, PMC8814581, PMC9026707, PMC9121101, PMC9137500, PMC9140735, PMC9147548, PMC9163156, PMC9179383, PMC9262717, PMC9275262, PMC9295012, PMC9324263, PMC9380335, PMC9478460, PMC9516411, PMC9533679, PMC9587240, PMC9632208, PMC9656489, PMC9688721, PMC9738492, PMC9781860, PMC9820639, PMC9950815, PMC9963637, PMC9996025,PMC10044098",44.0,0.0,NM_001034034.2,NM_001034034.2,226.0,418.0,243.0,437.0,forward,reverse_complement,GAPDH,GAPDH,58.01,59.83,55.6,55.0,211,121,3,4,4,,,,,,,,,,,,,,,,,,,,,"PMC10797231,PMC11358857,PMC11371590,PMC11883388,PMC12100757,PMC3281011,PMC4236169,PMC4704023,PMC5518541,PMC5560646,PMC5999645,PMC6131220,PMC6152118,PMC6340174,PMC7004298,PMC7109411,PMC7175346,PMC7505886,PMC7551357,PMC7823342,PMC7849163,PMC8040465,PMC8741357,PMC8742498,PMC8751743,PMC9134013,PMC9393364,PMC9459542","PMC10067504,PMC10072493,PMC10110471,PMC10173161,PMC10265049,PMC10288139,PMC10318776,PMC10320255,PMC10407629,PMC10477883,PMC10503267,PMC10559748,PMC10782161,PMC10809007,PMC10832128,PMC10847949,PMC11040268,PMC11042749,PMC11087736,PMC11140985,PMC11199688,PMC11236275,PMC11295093,PMC11295095,PMC11323362,PMC11413004,PMC11471265,PMC11487783,PMC11506376,PMC11541578,PMC11541688,PMC11561675,PMC11597445,PMC11659794,PMC11682160,PMC11754080,PMC11768181,PMC11827443,PMC11910592,PMC11995611,PMC12012319,PMC12023261,PMC12046306,PMC12064686,PMC12073722,PMC12079404,PMC12092677,PMC2903600,PMC3119690,PMC3537593,PMC3598218,PMC3667092,PMC3710153,PMC3819370,PMC3905019,PMC3910462,PMC3930419,PMC3942494,PMC4152987,PMC4312548,PMC4405832,PMC4479325,PMC4549548,PMC4554778,PMC4676841,PMC4745324,PMC4916419,PMC4944080,PMC5019277,PMC5034516,PMC5037755,PMC5138608,PMC5203882,PMC5299405,PMC5299723,PMC5308253,PMC5373637,PMC5407042,PMC5428572,PMC5481879,PMC5490544,PMC5586430,PMC5605660,PMC5675692,PMC5680915,PMC5779761,PMC5784711,PMC5832130,PMC5846671,PMC5866007,PMC5891899,PMC5974192,PMC6000215,PMC6006451,PMC6054837,PMC6091845,PMC6131541,PMC6154827,PMC6156464,PMC6192716,PMC6202109,PMC6236271,PMC6236283,PMC6298897,PMC6299793,PMC6305133,PMC6323232,PMC6369175,PMC6388128,PMC6457134,PMC6471439,PMC6484312,PMC6484321,PMC6509355,PMC6509849,PMC6605973,PMC6659287,PMC6691245,PMC6694569,PMC6698967,PMC6747051,PMC6815570,PMC6874877,PMC6877772,PMC6896324,PMC6933326,PMC6945598,PMC7020758,PMC7140223,PMC7178948,PMC7190807,PMC7203897,PMC7210138,PMC7232041,PMC7233605,PMC7397631,PMC7399637,PMC7415242,PMC7426539,PMC7534346,PMC7592321,PMC7851828,PMC7934528,PMC8005659,PMC8027675,PMC8123961,PMC8274038,PMC8283866,PMC8355717,PMC8369192,PMC8416715,PMC8576705,PMC8643296,PMC8652040,PMC8653610,PMC8674708,PMC8678408,PMC8789417,PMC8794654,PMC8891201,PMC8925213,PMC8947828,PMC8972314,PMC9008318,PMC9036902,PMC9115692,PMC9163388,PMC9213160,PMC9398854,PMC9402293,PMC9440789,PMC9445571,PMC9481392,PMC9578799,PMC9588221,PMC9619141,PMC9768954,PMC9795367,PMC9822672,PMC9825225,PMC9827276,PMC9916903,PMC9974285","PMC10044098,PMC10049502,PMC10144106,PMC10183583,PMC10205055,PMC10215827,PMC10353247,PMC10467142,PMC10537058,PMC10577946,PMC10668840,PMC10844290,PMC10867182,PMC10900626,PMC10910749,PMC11018944,PMC11084078,PMC11172500,PMC11188467,PMC11222854,PMC11226655,PMC11260031,PMC11395064,PMC11506304,PMC11530692,PMC11591463,PMC11639857,PMC11718956,PMC11746023,PMC11895244,PMC11942747,PMC11973270,PMC12021266,PMC12027075,PMC12116010,PMC2865165,PMC2976073,PMC3018137,PMC3056801,PMC3064593,PMC3177877,PMC3207927,PMC3837040,PMC3847308,PMC3851557,PMC3901558,PMC3975437,PMC4006809,PMC4093270,PMC4180839,PMC4243576,PMC4345813,PMC4353475,PMC4379073,PMC4744397,PMC4756532,PMC4891074,PMC4924273,PMC4966727,PMC5288341,PMC5347023,PMC5354862,PMC5662643,PMC5855938,PMC6127565,PMC6276186,PMC6325390,PMC6548822,PMC6563054,PMC6563294,PMC6664593,PMC6680671,PMC6722193,PMC6785638,PMC6912697,PMC7186304,PMC7238732,PMC7294674,PMC7375869,PMC7381234,PMC7414733,PMC7472369,PMC7517653,PMC7673597,PMC7684870,PMC7694315,PMC7786368,PMC7890263,PMC8173046,PMC8291223,PMC8356075,PMC8564303,PMC8567331,PMC8614563,PMC8753979,PMC8814581,PMC9026707,PMC9121101,PMC9137500,PMC9140735,PMC9147548,PMC9163156,PMC9179383,PMC9262717,PMC9275262,PMC9295012,PMC9324263,PMC9380335,PMC9478460,PMC9516411,PMC9533679,PMC9587240,PMC9632208,PMC9656489,PMC9688721,PMC9738492,PMC9781860,PMC9820639,PMC9950815,PMC9963637,PMC9996025",,28,183,121,0,,0,0.7581017153649923,0.7049999999999998,0.3933333333333332,66.92175243491627,77.78199148402436
GGTTCACGCCCATCACAAAC,ACTGCCACCCAGAAGACTGT,"GAPDH (19) (1), GAPDH_1R (1) (1), Gapdh (1) (1), Gene (4) (1), Genes (1) (1), Glyceraldehyde-3-Phosphate (1) (1), HM043737.1 (1) (1), NM_001034034.2 (1) (1), The (1) (1), eGAPDH (1) (1), gapdh (4) (1), qH-GAPDH-F (1) (1)","3-Reverse (1) (1), Acsl1 (1) (1), All (1) (1), AluS (1) (1), Analysis (1) (1), Bovine (2) (1), Cyclin (1) (1), GADPH (2) (1), GAPDH (37) (1), GAPDH-R (3) (1), GAPDH-R1 (1) (1), GAPDH-Reverse (1) (1), Gapdh (4) (1), Gene (3) (1), Human (2) (1), MDR1 (1) (1), Primers (2) (1), REAGENT (1) (1), Relative (1) (1), Survivin (1) (1), The (6) (1), pGAPDH (1) (1)",3.5,0.004,46,98," PMC10339941, PMC10348567, PMC10451965, PMC10918353, PMC11401735, PMC11555374, PMC11759767, PMC11806767, PMC166130, PMC3878325, PMC3972138, PMC3983882, PMC4053724, PMC446214, PMC4468096, PMC4779524, PMC4959553, PMC5082287, PMC5430879, PMC5507887, PMC5625832, PMC5892041, PMC6144160, PMC6316332, PMC6454860, PMC6525926, PMC6607305, PMC6923151, PMC6946967, PMC7191724, PMC7463081, PMC7652804, PMC7738052, PMC7785345, PMC7946636, PMC8280993, PMC8379647, PMC8869737, PMC9081506, PMC9098324, PMC9177072, PMC9303709, PMC9694927, PMC9830730,PMC10110545,PMC10175123"," PMC10404357, PMC10432802, PMC10865267, PMC10889968, PMC11101873, PMC11461884, PMC11530487, PMC11622667, PMC11783217, PMC11860765, PMC11946196, PMC12018166, PMC12022269, PMC2652110, PMC2664458, PMC3233434, PMC3709743, PMC3723632, PMC3810258, PMC3966837, PMC4269520, PMC4381581, PMC4411508, PMC4511796, PMC4521930, PMC4546462, PMC4728568, PMC4731929, PMC4735818, PMC4807014, PMC4884151, PMC5079553, PMC5297684, PMC5320633, PMC5477579, PMC5493624, PMC5514089, PMC5526055, PMC5722510, PMC5752239, PMC5778845, PMC5902935, PMC5923350, PMC5958882, PMC6038356, PMC6051640, PMC6056057, PMC6121961, PMC6122978, PMC6315782, PMC6317242, PMC6404308, PMC6412922, PMC6628365, PMC6676056, PMC6826174, PMC7029523, PMC7084876, PMC7170527, PMC7196669, PMC7254954, PMC7288929, PMC7352534, PMC7546708, PMC7589724, PMC7694353, PMC7764066, PMC7840840, PMC7858103, PMC8007363, PMC8240101, PMC8295328, PMC8315844, PMC8315853, PMC8329425, PMC8795393, PMC8833961, PMC8946164, PMC9208254, PMC9318381, PMC9478401, PMC9636496, PMC9820069, PMC9981421,PMC10355032,PMC10439542,PMC10508688,PMC11098864,PMC12044016,PMC12098725,PMC4381581,PMC4754950,PMC6978327,PMC7150865,PMC8413292,PMC9462506",8.0,102.0,NM_001034034.2,NM_001034034.2,455.0,609.0,474.0,628.0,forward,reverse_complement,GAPDH,GAPDH,60.68,61.73,55.0,55.0,46,96,3,3,3,,,,,,,,,,,,,,,,,,,,,"PMC10110545,PMC10175123,PMC10451965,PMC10918353,PMC11401735,PMC11555374,PMC11759767,PMC11806767,PMC3878325,PMC3972138,PMC4053724,PMC4468096,PMC5507887,PMC5625832,PMC6144160,PMC6607305,PMC6923151,PMC6946967,PMC7191724,PMC7463081,PMC7738052,PMC7946636,PMC8280993,PMC8379647,PMC8869737,PMC9081506,PMC9098324,PMC9303709,PMC9830730","PMC10339941,PMC10348567,PMC166130,PMC3983882,PMC446214,PMC4779524,PMC4959553,PMC5082287,PMC5430879,PMC5892041,PMC6316332,PMC6454860,PMC6525926,PMC7652804,PMC7785345,PMC9177072,PMC9694927","PMC11622667,PMC11860765,PMC4884151,PMC5079553,PMC7029523","PMC10355032,PMC10404357,PMC10432802,PMC10439542,PMC10508688,PMC10865267,PMC10889968,PMC11098864,PMC11101873,PMC11461884,PMC11530487,PMC11783217,PMC11946196,PMC12018166,PMC12022269,PMC12044016,PMC12098725,PMC2652110,PMC2664458,PMC3233434,PMC3709743,PMC3723632,PMC3810258,PMC3966837,PMC4269520,PMC4381581,PMC4411508,PMC4511796,PMC4521930,PMC4546462,PMC4728568,PMC4731929,PMC4735818,PMC4754950,PMC4807014,PMC5297684,PMC5320633,PMC5477579,PMC5493624,PMC5514089,PMC5526055,PMC5722510,PMC5752239,PMC5778845,PMC5902935,PMC5923350,PMC5958882,PMC6038356,PMC6051640,PMC6056057,PMC6121961,PMC6122978,PMC6315782,PMC6317242,PMC6404308,PMC6412922,PMC6628365,PMC6676056,PMC6826174,PMC6978327,PMC7084876,PMC7150865,PMC7170527,PMC7196669,PMC7254954,PMC7288929,PMC7352534,PMC7546708,PMC7589724,PMC7694353,PMC7764066,PMC7840840,PMC7858103,PMC8007363,PMC8240101,PMC8295328,PMC8315844,PMC8315853,PMC8329425,PMC8413292,PMC8795393,PMC8833961,PMC8946164,PMC9208254,PMC9318381,PMC9462506,PMC9478401,PMC9636496,PMC9820069,PMC9981421",29,17,5,90,,0,0.554865865378394,0.8661111111111113,0.650000000000001,66.72662660225306,77.41966398903135
AATGAAGGGGTCATTGATGG,GGGTCATCATCTCTGCACCT,"AA-3 (1) (1), AF083897_R (1) (1), ATGG (1) (1), All (3) (1), Besides (1) (1), CCAG (1) (1), Expression (1) (1), For (3) (1), G-R (1) (1), GA3PDH (1) (1), GABDH (1) (1), GADPH (3) (1), GAPD (1) (1), GAPD-Right (1) (1), GAPD-qPCR-F (1) (1), GAPDH (157) (1), GAPDH- (1) (1), GAPDH-A (1) (1), GAPDH-F (3) (1), GAPDH-Human-R (1) (1), GAPDH-LR (1) (1), GAPDH-R (10) (1), GAPDH-Rev (1) (1), GAPDH-Right (1) (1), GAPDH-dn (1) (1), GAPDH-forward (1) (1), GAPDH-qPCR (1) (1), GAPDH-reverse (1) (1), GAPDHF (1) (1), GAPDH_GB (1) (1), GAPDH_R (3) (1), GAPDH_qPCR_Rv (1) (1), GGTCGGAGTCAA-3 (1) (1), GLuc (1) (1), GSDMD (1) (1), GTC (1) (1), GTCAA-3 (1) (1), Gapdh (1) (1), GenBank (1) (1), Gene (5) (1), Genes (3) (1), HOXB7 (1) (1), Human (7) (1), ICAM1 (1) (1), ICAM2 (1) (1), IL4 (1) (1), Kostina (1) (1), LDLR (1) (1), Low (1) (1), MerTK (1) (1), NM_001289745.3 (1) (1), PCRs (1) (1), Pietro (1) (1), Power (1) (1), Q-RT-PCR (1) (1), R- (1) (1), REAGENT (2) (1), RPLP0 (1) (1), Real (1) (1), Relative (1) (1), Results (2) (1), Reverse- (1) (1), SREBF1 (1) (1), STIP (1) (1), Samples (1) (1), T-3 (1) (1), TUBULIN-B1 (1) (1), Target (3) (1), The (11) (1), XBP1 (1) (1), hGAPDH (1) (1), hGAPDH-R (2) (1), hsa_GAPDH (1) (1), qPCR (1) (1)","DAPDH (1) (1), G3PDH (1) (1), GADPH (1) (1), GAPDH (111) (1), GAPDH-F (3) (1), Glyceraldehyde-3-phosphate (1) (1), MgCl (1) (1), NM_001034034 (1) (1), ZO-1 (1) (1)",0.004,0.87,356,124," PMC10052026, PMC10135320, PMC10166249, PMC10184698, PMC10226256, PMC10244135, PMC10298982, PMC10385253, PMC10439869, PMC10470409, PMC10486466, PMC10506332, PMC10558134, PMC10581003, PMC10619132, PMC10660024, PMC10700110, PMC10726955, PMC10735217, PMC10741323, PMC10776240, PMC10776757, PMC10785221, PMC10795285, PMC10807603, PMC10894644, PMC10899406, PMC10909756, PMC10940364, PMC10997083, PMC11081512, PMC11119275, PMC11239319, PMC11253100, PMC11265019, PMC11336282, PMC11345904, PMC11367998, PMC11482462, PMC11538512, PMC11542355, PMC11575155, PMC11585628, PMC11603458, PMC11639461, PMC11666467, PMC11698088, PMC11698199, PMC11704687, PMC11717185, PMC11731164, PMC11744522, PMC11763326, PMC11791538, PMC11866496, PMC11909191, PMC11911456, PMC11916850, PMC11966244, PMC11967817, PMC11994819, PMC12005378, PMC12027141, PMC12042597, PMC12074128, PMC12074940, PMC12089390, PMC2174521, PMC2995058, PMC3039571, PMC3076323, PMC3090618, PMC3091250, PMC3118861, PMC3167830, PMC3401437, PMC3489664, PMC3625903, PMC3710358, PMC3765323, PMC3804274, PMC3836801, PMC3913464, PMC3926842, PMC3936757, PMC3984800, PMC3987794, PMC3990631, PMC4008562, PMC4012722, PMC4019556, PMC4041454, PMC4090168, PMC4133709, PMC4152145, PMC4159870, PMC4164778, PMC4201557, PMC4259088, PMC4264122, PMC4312923, PMC4316972, PMC4320546, PMC4359219, PMC4369691, PMC4381062, PMC4387553, PMC4392640, PMC4437468, PMC4482370, PMC4492989, PMC4520206, PMC4549704, PMC4615200, PMC4624989, PMC4633293, PMC4647466, PMC4653031, PMC4673138, PMC4687698, PMC4692472, PMC4742278, PMC4752260, PMC4807356, PMC4809655, PMC4838134, PMC4863321, PMC4944964, PMC4945740, PMC4946701, PMC5004184, PMC5042739, PMC5050439, PMC5053687, PMC5068707, PMC5122321, PMC5150577, PMC5161326, PMC5310884, PMC5381403, PMC5403190, PMC5479030, PMC5480880, PMC5491972, PMC5533946, PMC5534085, PMC5541715, PMC5578043, PMC5601143, PMC5688417, PMC5691602, PMC5710926, PMC5713271, PMC5745991, PMC5765217, PMC5776084, PMC5798053, PMC5800083, PMC5850253, PMC5880935, PMC5928089, PMC5935726, PMC5938421, PMC5938705, PMC5945827, PMC5976949, PMC6014146, PMC6027831, PMC6028652, PMC6029624, PMC6048799, PMC6067021, PMC6083741, PMC6095834, PMC6101486, PMC6124792, PMC6152471, PMC6188017, PMC6224609, PMC6258447, PMC6274166, PMC6286639, PMC6288136, PMC6299520, PMC6303110, PMC6333292, PMC6338385, PMC6343509, PMC6347605, PMC6361890, PMC6362083, PMC6409466, PMC6411897, PMC6426934, PMC6430741, PMC6468400, PMC6472825, PMC6477124, PMC6484322, PMC6522875, PMC6542977, PMC6588629, PMC6599951, PMC6607695, PMC6663989, PMC6669234, PMC6746782, PMC6748140, PMC6760572, PMC6767513, PMC6788173, PMC6789141, PMC6817891, PMC6825678, PMC6833259, PMC6858884, PMC6895208, PMC6907247, PMC6945280, PMC6964673, PMC6967080, PMC6998094, PMC7047181, PMC7047232, PMC7058366, PMC7058603, PMC7082307, PMC7154134, PMC7190238, PMC7198905, PMC7205799, PMC7232326, PMC7232728, PMC7325960, PMC7343160, PMC7408433, PMC7419688, PMC7423399, PMC7448503, PMC7507256, PMC7520269, PMC7609060, PMC7645269, PMC7726933, PMC7735838, PMC7764320, PMC7795342, PMC7838721, PMC7868559, PMC7875907, PMC7876717, PMC7888507, PMC7943788, PMC7958322, PMC8003531, PMC8137693, PMC8173150, PMC8184336, PMC8187005, PMC8199476, PMC8208038, PMC8230864, PMC8292080, PMC8298175, PMC8449535, PMC8455897, PMC8492249, PMC8495349, PMC8517348, PMC8527824, PMC8536677, PMC8580074, PMC8605155, PMC8637326, PMC8671470, PMC8699584, PMC8738452, PMC8788987, PMC8790520, PMC8802056, PMC8810173, PMC8842534, PMC8854419, PMC8902352, PMC8924081, PMC8983694, PMC9014619, PMC9043595, PMC9066495, PMC9147957, PMC9160290, PMC9161028, PMC9169180, PMC9208475, PMC9355377, PMC9374755, PMC9377092, PMC9406376, PMC9417176, PMC9492853, PMC9529958, PMC9576429, PMC9576746, PMC9663841, PMC9719179, PMC9774376, PMC9867149, PMC9910081,PMC10020501,PMC10681732,PMC10785221,PMC10909756,PMC11014936,PMC11111830,PMC11348074,PMC11848802,PMC11865489,PMC11909191,PMC12089390,PMC12172992,PMC3091250,PMC3936757,PMC4012722,PMC4359219,PMC4437468,PMC4492989,PMC4615200,PMC6152471,PMC6335669,PMC6472385,PMC6584544,PMC6957516,PMC7260207,PMC7615868,PMC7691639,PMC7860031,PMC8113606,PMC8419117,PMC8833215,PMC9016021"," PMC10049502, PMC10144106, PMC10183583, PMC10205055, PMC10215827, PMC10353247, PMC10467142, PMC10537058, PMC10577946, PMC10668840, PMC10844290, PMC10867182, PMC10900626, PMC10910749, PMC11018944, PMC11084078, PMC11172500, PMC11188467, PMC11222854, PMC11226655, PMC11260031, PMC11395064, PMC11506304, PMC11530692, PMC11591463, PMC11639857, PMC11718956, PMC11746023, PMC11895244, PMC11942747, PMC11973270, PMC12021266, PMC12027075, PMC12116010, PMC2865165, PMC2976073, PMC3018137, PMC3056801, PMC3064593, PMC3177877, PMC3207927, PMC3837040, PMC3847308, PMC3851557, PMC3901558, PMC3975437, PMC4006809, PMC4093270, PMC4180839, PMC4243576, PMC4345813, PMC4353475, PMC4379073, PMC4744397, PMC4756532, PMC4891074, PMC4924273, PMC4966727, PMC5288341, PMC5347023, PMC5354862, PMC5662643, PMC5855938, PMC6127565, PMC6276186, PMC6325390, PMC6548822, PMC6563054, PMC6563294, PMC6664593, PMC6680671, PMC6722193, PMC6785638, PMC6912697, PMC7186304, PMC7238732, PMC7294674, PMC7375869, PMC7381234, PMC7414733, PMC7472369, PMC7517653, PMC7673597, PMC7684870, PMC7694315, PMC7786368, PMC7890263, PMC8173046, PMC8291223, PMC8356075, PMC8564303, PMC8567331, PMC8614563, PMC8753979, PMC8814581, PMC9026707, PMC9121101, PMC9137500, PMC9140735, PMC9147548, PMC9163156, PMC9179383, PMC9262717, PMC9275262, PMC9295012, PMC9324263, PMC9380335, PMC9478460, PMC9516411, PMC9533679, PMC9587240, PMC9632208, PMC9656489, PMC9688721, PMC9738492, PMC9781860, PMC9820639, PMC9950815, PMC9963637, PMC9996025,PMC10044098",654.0,0.0,NM_001034034.2,NM_001034034.2,160.0,418.0,179.0,437.0,forward,reverse_complement,GAPDH,GAPDH,56.01,59.83,45.0,55.0,340,121,5,4,5,,,,,,,,,,,,,,,,,,,,,"PMC10020501,PMC10052026,PMC10135320,PMC10166249,PMC10184698,PMC10226256,PMC10244135,PMC10298982,PMC10385253,PMC10439869,PMC10470409,PMC10486466,PMC10506332,PMC10558134,PMC10581003,PMC10619132,PMC10660024,PMC10681732,PMC10700110,PMC10726955,PMC10735217,PMC10741323,PMC10776757,PMC10785221,PMC10795285,PMC10807603,PMC10894644,PMC10899406,PMC10909756,PMC10940364,PMC10997083,PMC11014936,PMC11081512,PMC11111830,PMC11119275,PMC11239319,PMC11253100,PMC11265019,PMC11336282,PMC11345904,PMC11348074,PMC11367998,PMC11482462,PMC11538512,PMC11542355,PMC11575155,PMC11585628,PMC11603458,PMC11639461,PMC11666467,PMC11698088,PMC11698199,PMC11704687,PMC11717185,PMC11731164,PMC11744522,PMC11763326,PMC11791538,PMC11848802,PMC11865489,PMC11866496,PMC11909191,PMC11911456,PMC11916850,PMC11966244,PMC11967817,PMC11994819,PMC12005378,PMC12027141,PMC12042597,PMC12074128,PMC12074940,PMC12089390,PMC12172992,PMC2174521,PMC2995058,PMC3039571,PMC3076323,PMC3090618,PMC3091250,PMC3118861,PMC3167830,PMC3401437,PMC3489664,PMC3625903,PMC3710358,PMC3765323,PMC3804274,PMC3836801,PMC3913464,PMC3926842,PMC3936757,PMC3984800,PMC3987794,PMC3990631,PMC4008562,PMC4012722,PMC4019556,PMC4041454,PMC4090168,PMC4133709,PMC4152145,PMC4159870,PMC4164778,PMC4201557,PMC4259088,PMC4264122,PMC4312923,PMC4316972,PMC4320546,PMC4359219,PMC4369691,PMC4381062,PMC4387553,PMC4392640,PMC4437468,PMC4482370,PMC4492989,PMC4520206,PMC4549704,PMC4615200,PMC4624989,PMC4633293,PMC4647466,PMC4653031,PMC4673138,PMC4687698,PMC4692472,PMC4742278,PMC4752260,PMC4807356,PMC4809655,PMC4838134,PMC4863321,PMC4944964,PMC4945740,PMC4946701,PMC5004184,PMC5042739,PMC5050439,PMC5053687,PMC5068707,PMC5122321,PMC5150577,PMC5161326,PMC5310884,PMC5381403,PMC5403190,PMC5479030,PMC5480880,PMC5491972,PMC5533946,PMC5534085,PMC5541715,PMC5578043,PMC5601143,PMC5688417,PMC5691602,PMC5710926,PMC5713271,PMC5745991,PMC5765217,PMC5776084,PMC5798053,PMC5800083,PMC5850253,PMC5880935,PMC5928089,PMC5935726,PMC5938421,PMC5938705,PMC5945827,PMC5976949,PMC6014146,PMC6027831,PMC6028652,PMC6029624,PMC6048799,PMC6067021,PMC6083741,PMC6095834,PMC6101486,PMC6124792,PMC6152471,PMC6188017,PMC6224609,PMC6258447,PMC6274166,PMC6286639,PMC6288136,PMC6299520,PMC6303110,PMC6333292,PMC6335669,PMC6338385,PMC6343509,PMC6347605,PMC6361890,PMC6362083,PMC6409466,PMC6411897,PMC6426934,PMC6430741,PMC6468400,PMC6472385,PMC6472825,PMC6477124,PMC6484322,PMC6522875,PMC6542977,PMC6584544,PMC6588629,PMC6599951,PMC6607695,PMC6663989,PMC6669234,PMC6746782,PMC6748140,PMC6760572,PMC6767513,PMC6788173,PMC6789141,PMC6817891,PMC6825678,PMC6833259,PMC6858884,PMC6895208,PMC6907247,PMC6945280,PMC6957516,PMC6964673,PMC6967080,PMC6998094,PMC7047181,PMC7047232,PMC7058366,PMC7058603,PMC7082307,PMC7154134,PMC7190238,PMC7198905,PMC7205799,PMC7232326,PMC7232728,PMC7260207,PMC7325960,PMC7343160,PMC7408433,PMC7419688,PMC7423399,PMC7448503,PMC7507256,PMC7520269,PMC7609060,PMC7615868,PMC7645269,PMC7691639,PMC7726933,PMC7735838,PMC7764320,PMC7795342,PMC7838721,PMC7860031,PMC7868559,PMC7875907,PMC7876717,PMC7888507,PMC7943788,PMC7958322,PMC8003531,PMC8113606,PMC8137693,PMC8173150,PMC8184336,PMC8187005,PMC8199476,PMC8208038,PMC8230864,PMC8292080,PMC8298175,PMC8419117,PMC8449535,PMC8455897,PMC8492249,PMC8495349,PMC8517348,PMC8527824,PMC8536677,PMC8580074,PMC8605155,PMC8637326,PMC8671470,PMC8699584,PMC8738452,PMC8788987,PMC8790520,PMC8802056,PMC8810173,PMC8833215,PMC8842534,PMC8854419,PMC8902352,PMC8924081,PMC8983694,PMC9014619,PMC9016021,PMC9043595,PMC9066495,PMC9147957,PMC9160290,PMC9161028,PMC9169180,PMC9208475,PMC9355377,PMC9374755,PMC9377092,PMC9406376,PMC9417176,PMC9492853,PMC9529958,PMC9576429,PMC9576746,PMC9663841,PMC9719179,PMC9774376,PMC9867149,PMC9910081",PMC10776240,"PMC10044098,PMC10049502,PMC10144106,PMC10183583,PMC10205055,PMC10215827,PMC10353247,PMC10467142,PMC10537058,PMC10577946,PMC10668840,PMC10844290,PMC10867182,PMC10900626,PMC10910749,PMC11018944,PMC11084078,PMC11172500,PMC11188467,PMC11222854,PMC11226655,PMC11260031,PMC11395064,PMC11506304,PMC11530692,PMC11591463,PMC11639857,PMC11718956,PMC11746023,PMC11895244,PMC11942747,PMC11973270,PMC12021266,PMC12027075,PMC12116010,PMC2865165,PMC2976073,PMC3018137,PMC3056801,PMC3064593,PMC3177877,PMC3207927,PMC3837040,PMC3847308,PMC3851557,PMC3901558,PMC3975437,PMC4006809,PMC4093270,PMC4180839,PMC4243576,PMC4345813,PMC4353475,PMC4379073,PMC4744397,PMC4756532,PMC4891074,PMC4924273,PMC4966727,PMC5288341,PMC5347023,PMC5354862,PMC5662643,PMC5855938,PMC6127565,PMC6276186,PMC6325390,PMC6548822,PMC6563054,PMC6563294,PMC6664593,PMC6680671,PMC6722193,PMC6785638,PMC6912697,PMC7186304,PMC7238732,PMC7294674,PMC7375869,PMC7381234,PMC7414733,PMC7472369,PMC7517653,PMC7673597,PMC7684870,PMC7694315,PMC7786368,PMC7890263,PMC8173046,PMC8291223,PMC8356075,PMC8564303,PMC8567331,PMC8614563,PMC8753979,PMC8814581,PMC9026707,PMC9121101,PMC9137500,PMC9140735,PMC9147548,PMC9163156,PMC9179383,PMC9262717,PMC9275262,PMC9295012,PMC9324263,PMC9380335,PMC9478460,PMC9516411,PMC9533679,PMC9587240,PMC9632208,PMC9656489,PMC9688721,PMC9738492,PMC9781860,PMC9820639,PMC9950815,PMC9963637,PMC9996025",,327,1,121,0,,0,0.8373386631574373,0.8238888888888888,0.0,66.58359982453852,77.15196975136776
AGTTCAACGGCACAGTCAAGG,GTGATGCTGGTGCTGAGTATGT,"21 (1) (1), ATTGACCTC (1) (1), Direction (1) (1), For (1) (1), GAPDH (24) (1), Gapdh (2) (1), Gene (1) (1), Housekeeping (1) (1), Rat-GAPDH (1) (1), TLR2 (1) (1), The (2) (1), qGAPDH-F (2) (1), rat-GAPDH-forward (1) (1)","BoGAPDH-qR (1) (1), BoGAPDHA (1) (1), BtauGAPDH-R (2) (1), CXCL10 (1) (1), Cow (1) (1), GADPH (1) (1), GAPD (1) (1), GAPDH (16) (1), GAPDH-F (1) (1), GAPDH-R (2) (1), GAPDH1 (1) (1), GAPDH2_B (1) (1), Gene (1) (1), Name (1) (1), R-GAPDH-R (1) (1), R-primer (1) (1), Rattus-Gapdh-R (1) (1), The (3) (1), rat-GAPDH-reverse (1) (1)",17.0,5.2,44,56," PMC10410816, PMC10617172, PMC10707067, PMC12060573, PMC3278664, PMC3556893, PMC4186373, PMC4297756, PMC4320203, PMC4687701, PMC4795547, PMC4843545, PMC4926382, PMC5501834, PMC5609973, PMC5647699, PMC5656347, PMC5713227, PMC5780102, PMC5919640, PMC6017742, PMC6085613, PMC6310895, PMC6547481, PMC6940881, PMC7021310, PMC7388412, PMC7823575, PMC8038804, PMC8290518, PMC8562412, PMC8685427, PMC8698029, PMC8806611, PMC8865977, PMC8962562, PMC9069901, PMC9083361, PMC9484947, PMC9668463, PMC9716220, PMC9834735,PMC10013763"," PMC10294607, PMC10573426, PMC10607261, PMC11119058, PMC11124176, PMC11236931, PMC11302460, PMC11538678, PMC11565677, PMC11773957, PMC11790752, PMC1315359, PMC3224571, PMC3278664, PMC3315523, PMC3511184, PMC3569626, PMC3937011, PMC3968062, PMC4179812, PMC4521469, PMC4581756, PMC5087947, PMC5568205, PMC5571561, PMC5609973, PMC5647699, PMC5679375, PMC5765104, PMC5884578, PMC6124576, PMC6214003, PMC6236223, PMC6459987, PMC6612098, PMC6617669, PMC6713719, PMC6930770, PMC7127041, PMC7327068, PMC7327924, PMC7554725, PMC7662560, PMC7875910, PMC7876495, PMC8029671, PMC8446698, PMC8759875, PMC8868460, PMC9224199, PMC9575285, PMC9635879, PMC9694000,PMC10167888,PMC7827688",0.0,4.0,NM_001034034.2,NM_001034034.2,229.0,328.0,249.0,349.0,forward,reverse_complement,GAPDH,GAPDH,61.73,61.34,52.4,50.0,43,55,3,2,4,,,,,,,,,,,,,,,,,,,,,"PMC10707067,PMC12060573,PMC3278664,PMC4186373,PMC4795547,PMC5609973,PMC5647699,PMC5656347,PMC5919640,PMC6310895,PMC6940881,PMC7021310,PMC7823575,PMC8290518,PMC8562412,PMC8685427,PMC8698029,PMC8806611,PMC9083361,PMC9668463,PMC9834735","PMC10013763,PMC10410816,PMC10617172,PMC3556893,PMC4297756,PMC4320203,PMC4687701,PMC4843545,PMC4926382,PMC5501834,PMC5713227,PMC5780102,PMC6017742,PMC6085613,PMC6547481,PMC7388412,PMC8038804,PMC8865977,PMC8962562,PMC9069901,PMC9484947,PMC9716220","PMC11773957,PMC9224199","PMC10167888,PMC10294607,PMC10573426,PMC10607261,PMC11119058,PMC11124176,PMC11236931,PMC11302460,PMC11538678,PMC11565677,PMC11790752,PMC1315359,PMC3224571,PMC3278664,PMC3315523,PMC3511184,PMC3569626,PMC3937011,PMC3968062,PMC4179812,PMC4521469,PMC4581756,PMC5087947,PMC5568205,PMC5571561,PMC5609973,PMC5647699,PMC5679375,PMC5765104,PMC5884578,PMC6124576,PMC6214003,PMC6236223,PMC6459987,PMC6612098,PMC6617669,PMC6713719,PMC6930770,PMC7127041,PMC7327068,PMC7327924,PMC7554725,PMC7662560,PMC7827688,PMC7875910,PMC7876495,PMC8029671,PMC8446698,PMC8759875,PMC8868460,PMC9575285,PMC9635879,PMC9694000",21,22,2,53,,0,0.4825557166199709,0.8294444444444443,0.8700000000000022,66.41111916433192,76.82679017650611
AATGAAGGGGTCATTGATGG,GCAAGTTCAACGGCACAG,"AA-3 (1) (1), AF083897_R (1) (1), ATGG (1) (1), All (3) (1), Besides (1) (1), CCAG (1) (1), Expression (1) (1), For (3) (1), G-R (1) (1), GA3PDH (1) (1), GABDH (1) (1), GADPH (3) (1), GAPD (1) (1), GAPD-Right (1) (1), GAPD-qPCR-F (1) (1), GAPDH (157) (1), GAPDH- (1) (1), GAPDH-A (1) (1), GAPDH-F (3) (1), GAPDH-Human-R (1) (1), GAPDH-LR (1) (1), GAPDH-R (10) (1), GAPDH-Rev (1) (1), GAPDH-Right (1) (1), GAPDH-dn (1) (1), GAPDH-forward (1) (1), GAPDH-qPCR (1) (1), GAPDH-reverse (1) (1), GAPDHF (1) (1), GAPDH_GB (1) (1), GAPDH_R (3) (1), GAPDH_qPCR_Rv (1) (1), GGTCGGAGTCAA-3 (1) (1), GLuc (1) (1), GSDMD (1) (1), GTC (1) (1), GTCAA-3 (1) (1), Gapdh (1) (1), GenBank (1) (1), Gene (5) (1), Genes (3) (1), HOXB7 (1) (1), Human (7) (1), ICAM1 (1) (1), ICAM2 (1) (1), IL4 (1) (1), Kostina (1) (1), LDLR (1) (1), Low (1) (1), MerTK (1) (1), NM_001289745.3 (1) (1), PCRs (1) (1), Pietro (1) (1), Power (1) (1), Q-RT-PCR (1) (1), R- (1) (1), REAGENT (2) (1), RPLP0 (1) (1), Real (1) (1), Relative (1) (1), Results (2) (1), Reverse- (1) (1), SREBF1 (1) (1), STIP (1) (1), Samples (1) (1), T-3 (1) (1), TUBULIN-B1 (1) (1), Target (3) (1), The (11) (1), XBP1 (1) (1), hGAPDH (1) (1), hGAPDH-R (2) (1), hsa_GAPDH (1) (1), qPCR (1) (1)","AAG (1) (1), All (1) (1), Bovine (1) (1), GAPDH (143) (1), GAPDH-F (11) (1), GAPDH-FWD (1) (1), GAPDH-R (1) (1), Gapdh (12) (1), Gene (4) (1), Mouse (2) (1), R-GAPDH-S (1) (1), ROR (1) (1), Rat (5) (1), Rat-GAPDH (4) (1), Rat-GAPDH-F (1) (1), Rat-Gapdh (1) (1), Samples (1) (1), TTC (1) (1), The (4) (1), gapdh (1) (1), r-GAPDH-q (1) (1), rGAPDH (1) (1)",0.004,1.7,356,213," PMC10052026, PMC10135320, PMC10166249, PMC10184698, PMC10226256, PMC10244135, PMC10298982, PMC10385253, PMC10439869, PMC10470409, PMC10486466, PMC10506332, PMC10558134, PMC10581003, PMC10619132, PMC10660024, PMC10700110, PMC10726955, PMC10735217, PMC10741323, PMC10776240, PMC10776757, PMC10785221, PMC10795285, PMC10807603, PMC10894644, PMC10899406, PMC10909756, PMC10940364, PMC10997083, PMC11081512, PMC11119275, PMC11239319, PMC11253100, PMC11265019, PMC11336282, PMC11345904, PMC11367998, PMC11482462, PMC11538512, PMC11542355, PMC11575155, PMC11585628, PMC11603458, PMC11639461, PMC11666467, PMC11698088, PMC11698199, PMC11704687, PMC11717185, PMC11731164, PMC11744522, PMC11763326, PMC11791538, PMC11866496, PMC11909191, PMC11911456, PMC11916850, PMC11966244, PMC11967817, PMC11994819, PMC12005378, PMC12027141, PMC12042597, PMC12074128, PMC12074940, PMC12089390, PMC2174521, PMC2995058, PMC3039571, PMC3076323, PMC3090618, PMC3091250, PMC3118861, PMC3167830, PMC3401437, PMC3489664, PMC3625903, PMC3710358, PMC3765323, PMC3804274, PMC3836801, PMC3913464, PMC3926842, PMC3936757, PMC3984800, PMC3987794, PMC3990631, PMC4008562, PMC4012722, PMC4019556, PMC4041454, PMC4090168, PMC4133709, PMC4152145, PMC4159870, PMC4164778, PMC4201557, PMC4259088, PMC4264122, PMC4312923, PMC4316972, PMC4320546, PMC4359219, PMC4369691, PMC4381062, PMC4387553, PMC4392640, PMC4437468, PMC4482370, PMC4492989, PMC4520206, PMC4549704, PMC4615200, PMC4624989, PMC4633293, PMC4647466, PMC4653031, PMC4673138, PMC4687698, PMC4692472, PMC4742278, PMC4752260, PMC4807356, PMC4809655, PMC4838134, PMC4863321, PMC4944964, PMC4945740, PMC4946701, PMC5004184, PMC5042739, PMC5050439, PMC5053687, PMC5068707, PMC5122321, PMC5150577, PMC5161326, PMC5310884, PMC5381403, PMC5403190, PMC5479030, PMC5480880, PMC5491972, PMC5533946, PMC5534085, PMC5541715, PMC5578043, PMC5601143, PMC5688417, PMC5691602, PMC5710926, PMC5713271, PMC5745991, PMC5765217, PMC5776084, PMC5798053, PMC5800083, PMC5850253, PMC5880935, PMC5928089, PMC5935726, PMC5938421, PMC5938705, PMC5945827, PMC5976949, PMC6014146, PMC6027831, PMC6028652, PMC6029624, PMC6048799, PMC6067021, PMC6083741, PMC6095834, PMC6101486, PMC6124792, PMC6152471, PMC6188017, PMC6224609, PMC6258447, PMC6274166, PMC6286639, PMC6288136, PMC6299520, PMC6303110, PMC6333292, PMC6338385, PMC6343509, PMC6347605, PMC6361890, PMC6362083, PMC6409466, PMC6411897, PMC6426934, PMC6430741, PMC6468400, PMC6472825, PMC6477124, PMC6484322, PMC6522875, PMC6542977, PMC6588629, PMC6599951, PMC6607695, PMC6663989, PMC6669234, PMC6746782, PMC6748140, PMC6760572, PMC6767513, PMC6788173, PMC6789141, PMC6817891, PMC6825678, PMC6833259, PMC6858884, PMC6895208, PMC6907247, PMC6945280, PMC6964673, PMC6967080, PMC6998094, PMC7047181, PMC7047232, PMC7058366, PMC7058603, PMC7082307, PMC7154134, PMC7190238, PMC7198905, PMC7205799, PMC7232326, PMC7232728, PMC7325960, PMC7343160, PMC7408433, PMC7419688, PMC7423399, PMC7448503, PMC7507256, PMC7520269, PMC7609060, PMC7645269, PMC7726933, PMC7735838, PMC7764320, PMC7795342, PMC7838721, PMC7868559, PMC7875907, PMC7876717, PMC7888507, PMC7943788, PMC7958322, PMC8003531, PMC8137693, PMC8173150, PMC8184336, PMC8187005, PMC8199476, PMC8208038, PMC8230864, PMC8292080, PMC8298175, PMC8449535, PMC8455897, PMC8492249, PMC8495349, PMC8517348, PMC8527824, PMC8536677, PMC8580074, PMC8605155, PMC8637326, PMC8671470, PMC8699584, PMC8738452, PMC8788987, PMC8790520, PMC8802056, PMC8810173, PMC8842534, PMC8854419, PMC8902352, PMC8924081, PMC8983694, PMC9014619, PMC9043595, PMC9066495, PMC9147957, PMC9160290, PMC9161028, PMC9169180, PMC9208475, PMC9355377, PMC9374755, PMC9377092, PMC9406376, PMC9417176, PMC9492853, PMC9529958, PMC9576429, PMC9576746, PMC9663841, PMC9719179, PMC9774376, PMC9867149, PMC9910081,PMC10020501,PMC10681732,PMC10785221,PMC10909756,PMC11014936,PMC11111830,PMC11348074,PMC11848802,PMC11865489,PMC11909191,PMC12089390,PMC12172992,PMC3091250,PMC3936757,PMC4012722,PMC4359219,PMC4437468,PMC4492989,PMC4615200,PMC6152471,PMC6335669,PMC6472385,PMC6584544,PMC6957516,PMC7260207,PMC7615868,PMC7691639,PMC7860031,PMC8113606,PMC8419117,PMC8833215,PMC9016021"," PMC10072493, PMC10110471, PMC10173161, PMC10288139, PMC10318776, PMC10320255, PMC10407629, PMC10503267, PMC10559748, PMC10782161, PMC10797231, PMC10809007, PMC10832128, PMC10847949, PMC11040268, PMC11042749, PMC11087736, PMC11140985, PMC11199688, PMC11236275, PMC11295093, PMC11295095, PMC11323362, PMC11358857, PMC11371590, PMC11413004, PMC11471265, PMC11487783, PMC11506376, PMC11541578, PMC11541688, PMC11561675, PMC11597445, PMC11659794, PMC11682160, PMC11754080, PMC11768181, PMC11827443, PMC11883388, PMC11910592, PMC11995611, PMC12012319, PMC12023261, PMC12046306, PMC12064686, PMC12073722, PMC12079404, PMC12092677, PMC12100757, PMC2903600, PMC3119690, PMC3281011, PMC3537593, PMC3598218, PMC3667092, PMC3710153, PMC3819370, PMC3905019, PMC3910462, PMC3930419, PMC3942494, PMC4152987, PMC4236169, PMC4312548, PMC4405832, PMC4479325, PMC4549548, PMC4554778, PMC4676841, PMC4704023, PMC4745324, PMC4916419, PMC4944080, PMC5019277, PMC5034516, PMC5037755, PMC5138608, PMC5203882, PMC5299405, PMC5299723, PMC5308253, PMC5373637, PMC5407042, PMC5428572, PMC5481879, PMC5490544, PMC5518541, PMC5560646, PMC5586430, PMC5605660, PMC5675692, PMC5680915, PMC5779761, PMC5784711, PMC5832130, PMC5846671, PMC5866007, PMC5891899, PMC5974192, PMC5999645, PMC6000215, PMC6006451, PMC6054837, PMC6091845, PMC6131220, PMC6131541, PMC6152118, PMC6154827, PMC6156464, PMC6192716, PMC6202109, PMC6236271, PMC6236283, PMC6298897, PMC6299793, PMC6305133, PMC6323232, PMC6340174, PMC6369175, PMC6388128, PMC6457134, PMC6471439, PMC6484312, PMC6484321, PMC6509355, PMC6509849, PMC6605973, PMC6659287, PMC6691245, PMC6694569, PMC6698967, PMC6747051, PMC6815570, PMC6874877, PMC6877772, PMC6896324, PMC6933326, PMC6945598, PMC7004298, PMC7020758, PMC7109411, PMC7140223, PMC7175346, PMC7178948, PMC7190807, PMC7203897, PMC7210138, PMC7232041, PMC7233605, PMC7397631, PMC7399637, PMC7415242, PMC7426539, PMC7505886, PMC7534346, PMC7551357, PMC7592321, PMC7823342, PMC7849163, PMC7851828, PMC7934528, PMC8005659, PMC8027675, PMC8040465, PMC8123961, PMC8274038, PMC8283866, PMC8355717, PMC8369192, PMC8576705, PMC8643296, PMC8652040, PMC8653610, PMC8674708, PMC8678408, PMC8741357, PMC8742498, PMC8751743, PMC8789417, PMC8794654, PMC8891201, PMC8925213, PMC8947828, PMC8972314, PMC9008318, PMC9036902, PMC9115692, PMC9134013, PMC9163388, PMC9213160, PMC9393364, PMC9398854, PMC9402293, PMC9440789, PMC9445571, PMC9459542, PMC9481392, PMC9578799, PMC9588221, PMC9619141, PMC9768954, PMC9795367, PMC9822672, PMC9825225, PMC9827276, PMC9916903, PMC9974285,PMC10067504,PMC10265049,PMC10477883,PMC8416715",654.0,44.0,NM_001034034.2,NM_001034034.2,160.0,226.0,179.0,243.0,forward,reverse_complement,GAPDH,GAPDH,56.01,58.01,45.0,55.6,340,211,5,3,4,,,,,,,,,,,,,,,,,,,,,"PMC10020501,PMC10052026,PMC10135320,PMC10166249,PMC10184698,PMC10226256,PMC10244135,PMC10298982,PMC10385253,PMC10439869,PMC10470409,PMC10486466,PMC10506332,PMC10558134,PMC10581003,PMC10619132,PMC10660024,PMC10681732,PMC10700110,PMC10726955,PMC10735217,PMC10741323,PMC10776757,PMC10785221,PMC10795285,PMC10807603,PMC10894644,PMC10899406,PMC10909756,PMC10940364,PMC10997083,PMC11014936,PMC11081512,PMC11111830,PMC11119275,PMC11239319,PMC11253100,PMC11265019,PMC11336282,PMC11345904,PMC11348074,PMC11367998,PMC11482462,PMC11538512,PMC11542355,PMC11575155,PMC11585628,PMC11603458,PMC11639461,PMC11666467,PMC11698088,PMC11698199,PMC11704687,PMC11717185,PMC11731164,PMC11744522,PMC11763326,PMC11791538,PMC11848802,PMC11865489,PMC11866496,PMC11909191,PMC11911456,PMC11916850,PMC11966244,PMC11967817,PMC11994819,PMC12005378,PMC12027141,PMC12042597,PMC12074128,PMC12074940,PMC12089390,PMC12172992,PMC2174521,PMC2995058,PMC3039571,PMC3076323,PMC3090618,PMC3091250,PMC3118861,PMC3167830,PMC3401437,PMC3489664,PMC3625903,PMC3710358,PMC3765323,PMC3804274,PMC3836801,PMC3913464,PMC3926842,PMC3936757,PMC3984800,PMC3987794,PMC3990631,PMC4008562,PMC4012722,PMC4019556,PMC4041454,PMC4090168,PMC4133709,PMC4152145,PMC4159870,PMC4164778,PMC4201557,PMC4259088,PMC4264122,PMC4312923,PMC4316972,PMC4320546,PMC4359219,PMC4369691,PMC4381062,PMC4387553,PMC4392640,PMC4437468,PMC4482370,PMC4492989,PMC4520206,PMC4549704,PMC4615200,PMC4624989,PMC4633293,PMC4647466,PMC4653031,PMC4673138,PMC4687698,PMC4692472,PMC4742278,PMC4752260,PMC4807356,PMC4809655,PMC4838134,PMC4863321,PMC4944964,PMC4945740,PMC4946701,PMC5004184,PMC5042739,PMC5050439,PMC5053687,PMC5068707,PMC5122321,PMC5150577,PMC5161326,PMC5310884,PMC5381403,PMC5403190,PMC5479030,PMC5480880,PMC5491972,PMC5533946,PMC5534085,PMC5541715,PMC5578043,PMC5601143,PMC5688417,PMC5691602,PMC5710926,PMC5713271,PMC5745991,PMC5765217,PMC5776084,PMC5798053,PMC5800083,PMC5850253,PMC5880935,PMC5928089,PMC5935726,PMC5938421,PMC5938705,PMC5945827,PMC5976949,PMC6014146,PMC6027831,PMC6028652,PMC6029624,PMC6048799,PMC6067021,PMC6083741,PMC6095834,PMC6101486,PMC6124792,PMC6152471,PMC6188017,PMC6224609,PMC6258447,PMC6274166,PMC6286639,PMC6288136,PMC6299520,PMC6303110,PMC6333292,PMC6335669,PMC6338385,PMC6343509,PMC6347605,PMC6361890,PMC6362083,PMC6409466,PMC6411897,PMC6426934,PMC6430741,PMC6468400,PMC6472385,PMC6472825,PMC6477124,PMC6484322,PMC6522875,PMC6542977,PMC6584544,PMC6588629,PMC6599951,PMC6607695,PMC6663989,PMC6669234,PMC6746782,PMC6748140,PMC6760572,PMC6767513,PMC6788173,PMC6789141,PMC6817891,PMC6825678,PMC6833259,PMC6858884,PMC6895208,PMC6907247,PMC6945280,PMC6957516,PMC6964673,PMC6967080,PMC6998094,PMC7047181,PMC7047232,PMC7058366,PMC7058603,PMC7082307,PMC7154134,PMC7190238,PMC7198905,PMC7205799,PMC7232326,PMC7232728,PMC7260207,PMC7325960,PMC7343160,PMC7408433,PMC7419688,PMC7423399,PMC7448503,PMC7507256,PMC7520269,PMC7609060,PMC7615868,PMC7645269,PMC7691639,PMC7726933,PMC7735838,PMC7764320,PMC7795342,PMC7838721,PMC7860031,PMC7868559,PMC7875907,PMC7876717,PMC7888507,PMC7943788,PMC7958322,PMC8003531,PMC8113606,PMC8137693,PMC8173150,PMC8184336,PMC8187005,PMC8199476,PMC8208038,PMC8230864,PMC8292080,PMC8298175,PMC8419117,PMC8449535,PMC8455897,PMC8492249,PMC8495349,PMC8517348,PMC8527824,PMC8536677,PMC8580074,PMC8605155,PMC8637326,PMC8671470,PMC8699584,PMC8738452,PMC8788987,PMC8790520,PMC8802056,PMC8810173,PMC8833215,PMC8842534,PMC8854419,PMC8902352,PMC8924081,PMC8983694,PMC9014619,PMC9016021,PMC9043595,PMC9066495,PMC9147957,PMC9160290,PMC9161028,PMC9169180,PMC9208475,PMC9355377,PMC9374755,PMC9377092,PMC9406376,PMC9417176,PMC9492853,PMC9529958,PMC9576429,PMC9576746,PMC9663841,PMC9719179,PMC9774376,PMC9867149,PMC9910081",PMC10776240,"PMC10067504,PMC10072493,PMC10110471,PMC10173161,PMC10265049,PMC10288139,PMC10318776,PMC10320255,PMC10407629,PMC10477883,PMC10503267,PMC10559748,PMC10782161,PMC10809007,PMC10832128,PMC10847949,PMC11040268,PMC11042749,PMC11087736,PMC11140985,PMC11199688,PMC11236275,PMC11295093,PMC11295095,PMC11323362,PMC11413004,PMC11471265,PMC11487783,PMC11506376,PMC11541578,PMC11541688,PMC11561675,PMC11597445,PMC11659794,PMC11682160,PMC11754080,PMC11768181,PMC11827443,PMC11910592,PMC11995611,PMC12012319,PMC12023261,PMC12046306,PMC12064686,PMC12073722,PMC12079404,PMC12092677,PMC2903600,PMC3119690,PMC3537593,PMC3598218,PMC3667092,PMC3710153,PMC3819370,PMC3905019,PMC3910462,PMC3930419,PMC3942494,PMC4152987,PMC4312548,PMC4405832,PMC4479325,PMC4549548,PMC4554778,PMC4676841,PMC4745324,PMC4916419,PMC4944080,PMC5019277,PMC5034516,PMC5037755,PMC5138608,PMC5203882,PMC5299405,PMC5299723,PMC5308253,PMC5373637,PMC5407042,PMC5428572,PMC5481879,PMC5490544,PMC5586430,PMC5605660,PMC5675692,PMC5680915,PMC5779761,PMC5784711,PMC5832130,PMC5846671,PMC5866007,PMC5891899,PMC5974192,PMC6000215,PMC6006451,PMC6054837,PMC6091845,PMC6131541,PMC6154827,PMC6156464,PMC6192716,PMC6202109,PMC6236271,PMC6236283,PMC6298897,PMC6299793,PMC6305133,PMC6323232,PMC6369175,PMC6388128,PMC6457134,PMC6471439,PMC6484312,PMC6484321,PMC6509355,PMC6509849,PMC6605973,PMC6659287,PMC6691245,PMC6694569,PMC6698967,PMC6747051,PMC6815570,PMC6874877,PMC6877772,PMC6896324,PMC6933326,PMC6945598,PMC7020758,PMC7140223,PMC7178948,PMC7190807,PMC7203897,PMC7210138,PMC7232041,PMC7233605,PMC7397631,PMC7399637,PMC7415242,PMC7426539,PMC7534346,PMC7592321,PMC7851828,PMC7934528,PMC8005659,PMC8027675,PMC8123961,PMC8274038,PMC8283866,PMC8355717,PMC8369192,PMC8416715,PMC8576705,PMC8643296,PMC8652040,PMC8653610,PMC8674708,PMC8678408,PMC8789417,PMC8794654,PMC8891201,PMC8925213,PMC8947828,PMC8972314,PMC9008318,PMC9036902,PMC9115692,PMC9163388,PMC9213160,PMC9398854,PMC9402293,PMC9440789,PMC9445571,PMC9481392,PMC9578799,PMC9588221,PMC9619141,PMC9768954,PMC9795367,PMC9822672,PMC9825225,PMC9827276,PMC9916903,PMC9974285","PMC10797231,PMC11358857,PMC11371590,PMC11883388,PMC12100757,PMC3281011,PMC4236169,PMC4704023,PMC5518541,PMC5560646,PMC5999645,PMC6131220,PMC6152118,PMC6340174,PMC7004298,PMC7109411,PMC7175346,PMC7505886,PMC7551357,PMC7823342,PMC7849163,PMC8040465,PMC8741357,PMC8742498,PMC8751743,PMC9134013,PMC9393364,PMC9459542",327,1,183,28,,0,0.8562268007445195,0.5477777777777777,0.33333333333333337,65.91134003722597,75.87014506763808
AAGTTCAACGGCACAGTCAAGG,GTTTGTGATGGGCGTGAACC,"121 (1) (1), GADPH (1) (1), GAP (1) (1), GAPDAH (1) (1), GAPDH (34) (1), GAPDH-F (1) (1), Gapdh (5) (1), Gene (1) (1), c-GAPDH (1) (1), gapdh (1) (1), n-DNA (1) (1), rat- (3) (1)","GAPDH (19) (1), GAPDH_1R (1) (1), Gapdh (1) (1), Gene (4) (1), Genes (1) (1), Glyceraldehyde-3-Phosphate (1) (1), HM043737.1 (1) (1), NM_001034034.2 (1) (1), The (1) (1), eGAPDH (1) (1), gapdh (4) (1), qH-GAPDH-F (1) (1)",20.0,3.5,54,46," PMC10408016, PMC10552323, PMC10676529, PMC10955157, PMC11074268, PMC11237669, PMC11330151, PMC11339468, PMC11512431, PMC11521569, PMC11577739, PMC11673375, PMC11686907, PMC11743660, PMC11743768, PMC11771343, PMC12075817, PMC3813269, PMC3813272, PMC3985231, PMC4698330, PMC4705462, PMC4706733, PMC5019362, PMC6312672, PMC6403900, PMC6589982, PMC6907335, PMC6977618, PMC7239415, PMC7502907, PMC7554557, PMC7582058, PMC7645344, PMC7700443, PMC7758000, PMC7859984, PMC7878042, PMC8344085, PMC8380193, PMC8472561, PMC8666922, PMC8785478, PMC8806549, PMC8830423, PMC9094495, PMC9095412, PMC9148832, PMC9742899, PMC9803661,PMC10209690,PMC9569363"," PMC10339941, PMC10348567, PMC10451965, PMC10918353, PMC11401735, PMC11555374, PMC11759767, PMC11806767, PMC166130, PMC3878325, PMC3972138, PMC3983882, PMC4053724, PMC446214, PMC4468096, PMC4779524, PMC4959553, PMC5082287, PMC5430879, PMC5507887, PMC5625832, PMC5892041, PMC6144160, PMC6316332, PMC6454860, PMC6525926, PMC6607305, PMC6923151, PMC6946967, PMC7191724, PMC7463081, PMC7652804, PMC7738052, PMC7785345, PMC7946636, PMC8280993, PMC8379647, PMC8869737, PMC9081506, PMC9098324, PMC9177072, PMC9303709, PMC9694927, PMC9830730,PMC10110545,PMC10175123",12.0,8.0,NM_001034034.2,NM_001034034.2,228.0,455.0,249.0,474.0,forward,reverse_complement,GAPDH,GAPDH,62.24,60.68,50.0,55.0,52,46,3,3,5,,,,,,,,,,,,,,,,,,,,,"PMC10209690,PMC10408016,PMC10552323,PMC10676529,PMC10955157,PMC11074268,PMC11237669,PMC11330151,PMC11339468,PMC11512431,PMC11521569,PMC11577739,PMC11673375,PMC11686907,PMC11743660,PMC11743768,PMC11771343,PMC12075817,PMC3813269,PMC3813272,PMC3985231,PMC4698330,PMC4705462,PMC4706733,PMC5019362,PMC6312672,PMC6403900,PMC6589982,PMC6907335,PMC6977618,PMC7239415,PMC7502907,PMC7554557,PMC7582058,PMC7645344,PMC7700443,PMC7758000,PMC7859984,PMC7878042,PMC8344085,PMC8380193,PMC8472561,PMC8666922,PMC8785478,PMC8806549,PMC8830423,PMC9094495,PMC9095412,PMC9148832,PMC9569363,PMC9742899,PMC9803661",,"PMC10339941,PMC10348567,PMC166130,PMC3983882,PMC446214,PMC4779524,PMC4959553,PMC5082287,PMC5430879,PMC5892041,PMC6316332,PMC6454860,PMC6525926,PMC7652804,PMC7785345,PMC9177072,PMC9694927","PMC10110545,PMC10175123,PMC10451965,PMC10918353,PMC11401735,PMC11555374,PMC11759767,PMC11806767,PMC3878325,PMC3972138,PMC4053724,PMC4468096,PMC5507887,PMC5625832,PMC6144160,PMC6607305,PMC6923151,PMC6946967,PMC7191724,PMC7463081,PMC7738052,PMC7946636,PMC8280993,PMC8379647,PMC8869737,PMC9081506,PMC9098324,PMC9303709,PMC9830730",52,0,17,29,,0,0.6203817786348916,0.8377777777777777,0.4799999999999992,65.7524222650779,75.56151825109676
AGGTGCAGAGATGATGACCC,GTTTGTGATGGGCGTGAACC,"DAPDH (1) (1), G3PDH (1) (1), GADPH (1) (1), GAPDH (111) (1), GAPDH-F (3) (1), Glyceraldehyde-3-phosphate (1) (1), MgCl (1) (1), NM_001034034 (1) (1), ZO-1 (1) (1)","GAPDH (19) (1), GAPDH_1R (1) (1), Gapdh (1) (1), Gene (4) (1), Genes (1) (1), Glyceraldehyde-3-Phosphate (1) (1), HM043737.1 (1) (1), NM_001034034.2 (1) (1), The (1) (1), eGAPDH (1) (1), gapdh (4) (1), qH-GAPDH-F (1) (1)",0.87,3.5,124,46," PMC10049502, PMC10144106, PMC10183583, PMC10205055, PMC10215827, PMC10353247, PMC10467142, PMC10537058, PMC10577946, PMC10668840, PMC10844290, PMC10867182, PMC10900626, PMC10910749, PMC11018944, PMC11084078, PMC11172500, PMC11188467, PMC11222854, PMC11226655, PMC11260031, PMC11395064, PMC11506304, PMC11530692, PMC11591463, PMC11639857, PMC11718956, PMC11746023, PMC11895244, PMC11942747, PMC11973270, PMC12021266, PMC12027075, PMC12116010, PMC2865165, PMC2976073, PMC3018137, PMC3056801, PMC3064593, PMC3177877, PMC3207927, PMC3837040, PMC3847308, PMC3851557, PMC3901558, PMC3975437, PMC4006809, PMC4093270, PMC4180839, PMC4243576, PMC4345813, PMC4353475, PMC4379073, PMC4744397, PMC4756532, PMC4891074, PMC4924273, PMC4966727, PMC5288341, PMC5347023, PMC5354862, PMC5662643, PMC5855938, PMC6127565, PMC6276186, PMC6325390, PMC6548822, PMC6563054, PMC6563294, PMC6664593, PMC6680671, PMC6722193, PMC6785638, PMC6912697, PMC7186304, PMC7238732, PMC7294674, PMC7375869, PMC7381234, PMC7414733, PMC7472369, PMC7517653, PMC7673597, PMC7684870, PMC7694315, PMC7786368, PMC7890263, PMC8173046, PMC8291223, PMC8356075, PMC8564303, PMC8567331, PMC8614563, PMC8753979, PMC8814581, PMC9026707, PMC9121101, PMC9137500, PMC9140735, PMC9147548, PMC9163156, PMC9179383, PMC9262717, PMC9275262, PMC9295012, PMC9324263, PMC9380335, PMC9478460, PMC9516411, PMC9533679, PMC9587240, PMC9632208, PMC9656489, PMC9688721, PMC9738492, PMC9781860, PMC9820639, PMC9950815, PMC9963637, PMC9996025,PMC10044098"," PMC10339941, PMC10348567, PMC10451965, PMC10918353, PMC11401735, PMC11555374, PMC11759767, PMC11806767, PMC166130, PMC3878325, PMC3972138, PMC3983882, PMC4053724, PMC446214, PMC4468096, PMC4779524, PMC4959553, PMC5082287, PMC5430879, PMC5507887, PMC5625832, PMC5892041, PMC6144160, PMC6316332, PMC6454860, PMC6525926, PMC6607305, PMC6923151, PMC6946967, PMC7191724, PMC7463081, PMC7652804, PMC7738052, PMC7785345, PMC7946636, PMC8280993, PMC8379647, PMC8869737, PMC9081506, PMC9098324, PMC9177072, PMC9303709, PMC9694927, PMC9830730,PMC10110545,PMC10175123",0.0,8.0,NM_001034034.2,NM_001034034.2,418.0,455.0,437.0,474.0,forward,reverse_complement,GAPDH,GAPDH,59.83,60.68,55.0,55.0,121,46,4,3,3,,,,,,,,,,,,,,,,,,,,,,"PMC10044098,PMC10049502,PMC10144106,PMC10183583,PMC10205055,PMC10215827,PMC10353247,PMC10467142,PMC10537058,PMC10577946,PMC10668840,PMC10844290,PMC10867182,PMC10900626,PMC10910749,PMC11018944,PMC11084078,PMC11172500,PMC11188467,PMC11222854,PMC11226655,PMC11260031,PMC11395064,PMC11506304,PMC11530692,PMC11591463,PMC11639857,PMC11718956,PMC11746023,PMC11895244,PMC11942747,PMC11973270,PMC12021266,PMC12027075,PMC12116010,PMC2865165,PMC2976073,PMC3018137,PMC3056801,PMC3064593,PMC3177877,PMC3207927,PMC3837040,PMC3847308,PMC3851557,PMC3901558,PMC3975437,PMC4006809,PMC4093270,PMC4180839,PMC4243576,PMC4345813,PMC4353475,PMC4379073,PMC4744397,PMC4756532,PMC4891074,PMC4924273,PMC4966727,PMC5288341,PMC5347023,PMC5354862,PMC5662643,PMC5855938,PMC6127565,PMC6276186,PMC6325390,PMC6548822,PMC6563054,PMC6563294,PMC6664593,PMC6680671,PMC6722193,PMC6785638,PMC6912697,PMC7186304,PMC7238732,PMC7294674,PMC7375869,PMC7381234,PMC7414733,PMC7472369,PMC7517653,PMC7673597,PMC7684870,PMC7694315,PMC7786368,PMC7890263,PMC8173046,PMC8291223,PMC8356075,PMC8564303,PMC8567331,PMC8614563,PMC8753979,PMC8814581,PMC9026707,PMC9121101,PMC9137500,PMC9140735,PMC9147548,PMC9163156,PMC9179383,PMC9262717,PMC9275262,PMC9295012,PMC9324263,PMC9380335,PMC9478460,PMC9516411,PMC9533679,PMC9587240,PMC9632208,PMC9656489,PMC9688721,PMC9738492,PMC9781860,PMC9820639,PMC9950815,PMC9963637,PMC9996025","PMC10339941,PMC10348567,PMC166130,PMC3983882,PMC446214,PMC4779524,PMC4959553,PMC5082287,PMC5430879,PMC5892041,PMC6316332,PMC6454860,PMC6525926,PMC7652804,PMC7785345,PMC9177072,PMC9694927","PMC10110545,PMC10175123,PMC10451965,PMC10918353,PMC11401735,PMC11555374,PMC11759767,PMC11806767,PMC3878325,PMC3972138,PMC4053724,PMC4468096,PMC5507887,PMC5625832,PMC6144160,PMC6607305,PMC6923151,PMC6946967,PMC7191724,PMC7463081,PMC7738052,PMC7946636,PMC8280993,PMC8379647,PMC8869737,PMC9081506,PMC9098324,PMC9303709,PMC9830730",0,121,17,29,,0,0.4445645442876436,0.9527777777777777,0.7166666666666661,65.14489388104884,74.36231039996491
GGTCATAAGTCCCTCCACGA,CATCACTGCCACCCAGAAGACTG,"Direction (1) (1), G3PDH (1) (1), GADPH (2) (1), GAPDH (36) (1), GAPDH-R (5) (1), Gapdh (1) (1), Gene (16) (1), Genes (2) (1), Integrated (1) (1), MYOD1 (1) (1), NM_001034034.2 (1) (1), Product (1) (1), R1 (1) (1), Rovani (1) (1), Target (4) (1), The (1) (1), These (1) (1), Wang (1) (1), gapdh (1) (1)","GAPDH (2), ACC (1) (1), AGA (1) (1), APDH (1) (1), Actin (1) (1), Anti-luciferase (1) (1), CXCL12 (1) (1), China (1) (1), Cor1 (1) (1), F-5 (1) (1), F-GAPDH (1) (1), F-M (1) (1), F-Runx2 (1) (1), For (1) (1), GADPDH-F (1) (1), GADPH (6) (1), GAPDH (283) (1), GAPDH-F (9) (1), GAPDH-Forward (1) (1), GAPDH-sense (1) (1), GCC (1) (1), GPADH (1) (1), Gadph_RTF (1) (1), Gapdh (137) (1), Gapdh-F (6) (1), Gapdh-RTqPCR_fwd (1) (1), Gapdh-forward (2) (1), Gapdh-fp (1) (1), Glyceraldehyde (1) (1), Glyceraldehyde-3-phosphate (1) (1), HK-2_GAPDH (1) (1), Housekeeping (1) (1), Human (1) (1), Human-GAPDH-Forward (1) (1), Human/Mouse (1) (1), M-GAPDH (1) (1), MGAPDH (1) (1), MOUSE (1) (1), MYOC-rev (1) (1), Mouse (18) (1), Mouse-GAPDH-F (2) (1), Mouse-Gapdh-F (1) (1), Mouse_GAPDH (1) (1), Mouse_acin (1) (1), Muc5ac (1) (1), Mus (2) (1), Mus--Gapdh (1) (1), NM-008084 (1) (1), Primers (1) (1), Q-GAPDH-F (1) (1), REAGENT (1) (1), STAT3 (1) (1), Sequence (1) (1), Technologies (1) (1), The (3) (1), Tissue-specific (1) (1), Tlr4 (1) (1), Tob1 (1) (1), Upstream (1) (1), m-GAPDH (3) (1), m-Gapdh (1) (1), mGAPDH (6) (1), mGAPDH-F (1) (1), mGAPDH-F-Primer (1) (1), mGapdh (1) (1), mmu (1) (1), mmu-GAPDH (5) (1), mmu-GAPDH-F (2) (1), mouse (3) (1), mouse-Gapdh (2) (1), ms-GAPDH (1) (1), qPCR-GAPDH-F (2) (1), rno-GAPDH-F (2) (1)",3.5,8.72e-05,124,653," PMC10044098, PMC10049502, PMC10144106, PMC10183583, PMC10205055, PMC10215827, PMC10261739, PMC10295244, PMC10332596, PMC10353247, PMC10503823, PMC10525513, PMC10537058, PMC10713547, PMC10844290, PMC10893599, PMC10900626, PMC11018944, PMC11188467, PMC11222854, PMC11506304, PMC11530692, PMC11718956, PMC11736429, PMC11746023, PMC11895244, PMC11942747, PMC12027075, PMC12068370, PMC12116010, PMC2865165, PMC2976073, PMC3018137, PMC3056801, PMC3064593, PMC3177877, PMC3207927, PMC3332163, PMC3837040, PMC3847308, PMC3851557, PMC3901558, PMC3944365, PMC3960769, PMC3975437, PMC4006809, PMC4093132, PMC4180839, PMC4243576, PMC4345813, PMC4353475, PMC4438640, PMC4540297, PMC4744397, PMC4756532, PMC4891074, PMC4924273, PMC4966727, PMC5070142, PMC5109691, PMC5288341, PMC5347023, PMC5623059, PMC5662643, PMC5855938, PMC6060252, PMC6105743, PMC6226300, PMC6276186, PMC6325390, PMC6563054, PMC6680671, PMC6708849, PMC6720278, PMC6785638, PMC6912697, PMC6937854, PMC7189511, PMC7238732, PMC7294674, PMC7375869, PMC7381234, PMC7414733, PMC7484655, PMC7517653, PMC7673597, PMC7684870, PMC7694315, PMC7726576, PMC7786368, PMC8125194, PMC8162237, PMC8173046, PMC8274905, PMC8287747, PMC8356075, PMC8452032, PMC8505504, PMC8564303, PMC8567331, PMC8753979, PMC8803976, PMC8814581, PMC8981388, PMC9121101, PMC9140735, PMC9147548, PMC9163156, PMC9179383, PMC9219485, PMC9238091, PMC9275262, PMC9324263, PMC9334319, PMC9380335, PMC9516411, PMC9587240, PMC9632208, PMC9656489, PMC9738492, PMC9781860, PMC9963637, PMC9996025,PMC10003591"," PMC10008943, PMC10015936, PMC10018142, PMC10023665, PMC10044868, PMC10049241, PMC10050348, PMC10136751, PMC10140418, PMC10160600, PMC10226518, PMC10228399, PMC10235867, PMC10244723, PMC10253596, PMC10257679, PMC10266134, PMC10273720, PMC10299822, PMC10310975, PMC10311025, PMC10311271, PMC10313808, PMC10318068, PMC10326256, PMC10327525, PMC10341805, PMC10343023, PMC10364423, PMC10392066, PMC10400931, PMC10420076, PMC10421285, PMC10424212, PMC10424726, PMC10430181, PMC10433122, PMC10436061, PMC10440132, PMC10463418, PMC10463943, PMC10488209, PMC10491493, PMC10495110, PMC10497005, PMC10517016, PMC10528377, PMC10535704, PMC10539389, PMC10542208, PMC10548173, PMC10552570, PMC10561728, PMC10567590, PMC10568904, PMC10575897, PMC10579541, PMC10607444, PMC10618095, PMC10621593, PMC10632736, PMC10643902, PMC10648933, PMC10658294, PMC10673920, PMC10680189, PMC10683627, PMC10691915, PMC10698571, PMC10714758, PMC10721146, PMC10721838, PMC10728080, PMC10730663, PMC10733409, PMC10734917, PMC10746637, PMC10755587, PMC10757665, PMC10758093, PMC10761578, PMC10763032, PMC10764960, PMC10765682, PMC10766641, PMC10772835, PMC10788721, PMC10789063, PMC10797298, PMC10798281, PMC10798628, PMC10803816, PMC10805445, PMC10809359, PMC10838930, PMC10858962, PMC10861343, PMC10866406, PMC10869491, PMC10879683, PMC10883946, PMC10884039, PMC10888720, PMC10899070, PMC10907373, PMC10910280, PMC10911387, PMC10914587, PMC10914623, PMC10915271, PMC10928119, PMC10929748, PMC10931705, PMC10940837, PMC10943271, PMC10945706, PMC10953579, PMC10960451, PMC10964551, PMC10981453, PMC10983034, PMC10989404, PMC10995478, PMC10997418, PMC11006759, PMC11010450, PMC11017077, PMC11025112, PMC11033199, PMC11039711, PMC11047486, PMC11053352, PMC11061746, PMC11066337, PMC11066612, PMC11069109, PMC11070699, PMC11081866, PMC11088103, PMC11090971, PMC11093299, PMC11094882, PMC11095141, PMC11103504, PMC11103578, PMC11131254, PMC11137524, PMC11140944, PMC11148074, PMC11206268, PMC11208901, PMC11208987, PMC11209525, PMC11218895, PMC11222069, PMC11237335, PMC11253350, PMC11253755, PMC11255281, PMC11258656, PMC11260627, PMC11267965, PMC11277320, PMC11280224, PMC11284931, PMC11286718, PMC11289992, PMC11297696, PMC11316933, PMC11318243, PMC11319242, PMC11335226, PMC11348200, PMC11351136, PMC11354303, PMC11370681, PMC11386913, PMC11393424, PMC11396859, PMC11401462, PMC11402745, PMC11405634, PMC11407981, PMC11408498, PMC11411834, PMC11422156, PMC11434037, PMC11434693, PMC11436795, PMC11453086, PMC11461581, PMC11465848, PMC11471870, PMC11476876, PMC11477905, PMC11483943, PMC11488340, PMC11490802, PMC11513484, PMC11513804, PMC11520590, PMC11527546, PMC11528236, PMC11529560, PMC11539714, PMC11541450, PMC11544424, PMC11550370, PMC11550419, PMC11551078, PMC11557922, PMC11570687, PMC11572359, PMC11575167, PMC11580722, PMC11582807, PMC11584735, PMC11601584, PMC11609523, PMC11616750, PMC11629149, PMC11634721, PMC11656615, PMC11658085, PMC11662061, PMC11662811, PMC11665244, PMC11666467, PMC11667017, PMC11671380, PMC11693546, PMC11695690, PMC11705509, PMC11719931, PMC11747041, PMC11749119, PMC11750987, PMC11754728, PMC11763339, PMC11763762, PMC11767036, PMC11772666, PMC11775607, PMC11775746, PMC11780531, PMC11782348, PMC11785771, PMC11785999, PMC11786189, PMC11788751, PMC11790890, PMC11791960, PMC11792023, PMC11792039, PMC11796036, PMC11799051, PMC11804313, PMC11804790, PMC11808570, PMC11811601, PMC11815819, PMC11819765, PMC11819909, PMC11822663, PMC11848546, PMC11853041, PMC11871414, PMC11889867, PMC11892251, PMC11892753, PMC11906746, PMC11909186, PMC11910871, PMC11923102, PMC11923918, PMC11926377, PMC11934500, PMC11951931, PMC11953972, PMC11964291, PMC11966386, PMC11972349, PMC11973065, PMC11973090, PMC11973227, PMC11989681, PMC11993729, PMC11998502, PMC12000565, PMC12015036, PMC12015567, PMC12034852, PMC12037491, PMC12048462, PMC12064718, PMC12066529, PMC12068311, PMC12073915, PMC12075793, PMC12079524, PMC12079525, PMC12084640, PMC12086582, PMC12089278, PMC12090515, PMC12094498, PMC12098660, PMC2681481, PMC3744417, PMC4394463, PMC4432925, PMC4452704, PMC4813675, PMC4866786, PMC4888589, PMC5020049, PMC5120183, PMC5332356, PMC5447453, PMC5548719, PMC5655326, PMC5908102, PMC5970166, PMC5976931, PMC6028599, PMC6047274, PMC6117346, PMC6176650, PMC6299564, PMC6330398, PMC6333607, PMC6551346, PMC6554964, PMC6586612, PMC6661544, PMC6764589, PMC6803615, PMC6814131, PMC6835598, PMC6854551, PMC6909674, PMC6912624, PMC6923952, PMC6925927, PMC6927982, PMC6981306, PMC6985984, PMC7001304, PMC7039154, PMC7072279, PMC7113137, PMC7154038, PMC7180589, PMC7216582, PMC7228091, PMC7235443, PMC7244066, PMC7260097, PMC7304783, PMC7339629, PMC7352299, PMC7352993, PMC7391196, PMC7453397, PMC7492260, PMC7528015, PMC7539109, PMC7564327, PMC7642341, PMC7654018, PMC7693641, PMC7695853, PMC7729163, PMC7735758, PMC7751444, PMC7788239, PMC7839226, PMC7871222, PMC7880391, PMC7880395, PMC7893740, PMC7898207, PMC7901890, PMC7904825, PMC7917458, PMC7944181, PMC7947887, PMC7959971, PMC7965964, PMC7969647, PMC7986601, PMC7994859, PMC7999796, PMC8004208, PMC8055676, PMC8072820, PMC8075359, PMC8083103, PMC8084130, PMC8100126, PMC8106038, PMC8110307, PMC8116612, PMC8141414, PMC8176176, PMC8226633, PMC8233147, PMC8233984, PMC8265424, PMC8268469, PMC8298384, PMC8342891, PMC8365892, PMC8371965, PMC8396265, PMC8415539, PMC8431630, PMC8436908, PMC8446434, PMC8460592, PMC8472625, PMC8474232, PMC8474399, PMC8475950, PMC8477010, PMC8495260, PMC8500224, PMC8518197, PMC8520065, PMC8523998, PMC8526898, PMC8531597, PMC8565190, PMC8579363, PMC8581578, PMC8649520, PMC8653804, PMC8707482, PMC8724769, PMC8726530, PMC8750310, PMC8766854, PMC8787356, PMC8794691, PMC8805618, PMC8809925, PMC8813576, PMC8834116, PMC8854586, PMC8899187, PMC8901640, PMC8923133, PMC8938067, PMC8946789, PMC8962347, PMC8965694, PMC8969340, PMC8971168, PMC8973832, PMC8979429, PMC8985998, PMC8990853, PMC8995170, PMC8996597, PMC9016350, PMC9020036, PMC9022202, PMC9027376, PMC9027456, PMC9037269, PMC9046703, PMC9049648, PMC9080164, PMC9094574, PMC9097387, PMC9099201, PMC9109604, PMC9113201, PMC9116420, PMC9122210, PMC9149582, PMC9161934, PMC9161942, PMC9162029, PMC9166466, PMC9188247, PMC9199371, PMC9208237, PMC9225674, PMC9226810, PMC9270210, PMC9273600, PMC9275877, PMC9275922, PMC9296668, PMC9331528, PMC9338878, PMC9339102, PMC9340718, PMC9347178, PMC9348919, PMC9360398, PMC9363786, PMC9394511, PMC9411106, PMC9413995, PMC9415356, PMC9415505, PMC9426532, PMC9457330, PMC9458123, PMC9458434, PMC9464954, PMC9484217, PMC9500444, PMC9532625, PMC9548348, PMC9557233, PMC9561761, PMC9584610, PMC9601310, PMC9632054, PMC9639038, PMC9640671, PMC9640916, PMC9652013, PMC9652856, PMC9658363, PMC9668997, PMC9686703, PMC9699635, PMC9738199, PMC9745480, PMC9769737, PMC9772321, PMC9779098, PMC9780620, PMC9785868, PMC9788552, PMC9788780, PMC9790736, PMC9803783, PMC9806642, PMC9807165, PMC9810602, PMC9811326, PMC9834417, PMC9864948, PMC9871967, PMC9881374, PMC9883134, PMC9902321, PMC9906918, PMC9924944, PMC9926237, PMC9959305, PMC9964960, PMC9967312, PMC9975755, PMC9991912,PMC10004313,PMC10033639,PMC10064915,PMC10073193,PMC10102163,PMC10214238,PMC10214260,PMC10225711,PMC10390331,PMC10405909,PMC10493584,PMC10528709,PMC10558127,PMC10567561,PMC10578441,PMC10641732,PMC10656274,PMC10879683,PMC10884039,PMC10953579,PMC10954759,PMC10983034,PMC11080834,PMC11087749,PMC11087771,PMC11192907,PMC11226448,PMC11259178,PMC11338102,PMC11425834,PMC11489542,PMC11520775,PMC11527445,PMC11667818,PMC11695690,PMC11700651,PMC11711062,PMC11737231,PMC11775607,PMC11868599,PMC11906746,PMC11923102,PMC11949007,PMC12000565,PMC12015036,PMC12064718,PMC12119803,PMC12159843,PMC12160919,PMC12216226,PMC12232645,PMC5116671,PMC5548719,PMC8562569,PMC8593239,PMC8664937,PMC8831790,PMC8933567,PMC9109296,PMC9170173,PMC9351446,PMC9357127,PMC9388649,PMC9449591,PMC9617565,PMC9830134,PMC9870865,PMC9935546,PMC9958042",0.0,867.0,NM_001034034.2,NM_001034034.2,574.0,605.0,593.0,627.0,forward,reverse_complement,GAPDH,GAPDH,59.18,63.95,55.0,56.5,124,629,2,3,4,,,,,,,,,,,,,,,,,,,,,"PMC10003591,PMC10044098,PMC10049502,PMC10144106,PMC10183583,PMC10205055,PMC10215827,PMC10261739,PMC10295244,PMC10332596,PMC10353247,PMC10503823,PMC10525513,PMC10537058,PMC10713547,PMC10844290,PMC10893599,PMC10900626,PMC11018944,PMC11188467,PMC11222854,PMC11506304,PMC11530692,PMC11718956,PMC11736429,PMC11746023,PMC11895244,PMC11942747,PMC12027075,PMC12068370,PMC12116010,PMC2865165,PMC2976073,PMC3018137,PMC3056801,PMC3064593,PMC3177877,PMC3207927,PMC3332163,PMC3837040,PMC3847308,PMC3851557,PMC3901558,PMC3944365,PMC3960769,PMC3975437,PMC4006809,PMC4093132,PMC4180839,PMC4243576,PMC4345813,PMC4353475,PMC4438640,PMC4540297,PMC4744397,PMC4756532,PMC4891074,PMC4924273,PMC4966727,PMC5070142,PMC5109691,PMC5288341,PMC5347023,PMC5623059,PMC5662643,PMC5855938,PMC6060252,PMC6105743,PMC6226300,PMC6276186,PMC6325390,PMC6563054,PMC6680671,PMC6708849,PMC6720278,PMC6785638,PMC6912697,PMC6937854,PMC7189511,PMC7238732,PMC7294674,PMC7375869,PMC7381234,PMC7414733,PMC7484655,PMC7517653,PMC7673597,PMC7684870,PMC7694315,PMC7726576,PMC7786368,PMC8125194,PMC8162237,PMC8173046,PMC8274905,PMC8287747,PMC8356075,PMC8452032,PMC8505504,PMC8564303,PMC8567331,PMC8753979,PMC8803976,PMC8814581,PMC8981388,PMC9121101,PMC9140735,PMC9147548,PMC9163156,PMC9179383,PMC9219485,PMC9238091,PMC9275262,PMC9324263,PMC9334319,PMC9380335,PMC9516411,PMC9587240,PMC9632208,PMC9656489,PMC9738492,PMC9781860,PMC9963637,PMC9996025",,"PMC10004313,PMC10008943,PMC10015936,PMC10018142,PMC10023665,PMC10033639,PMC10044868,PMC10049241,PMC10050348,PMC10064915,PMC10073193,PMC10102163,PMC10136751,PMC10140418,PMC10160600,PMC10214238,PMC10214260,PMC10225711,PMC10226518,PMC10228399,PMC10235867,PMC10244723,PMC10253596,PMC10257679,PMC10266134,PMC10273720,PMC10299822,PMC10310975,PMC10311025,PMC10311271,PMC10313808,PMC10318068,PMC10326256,PMC10327525,PMC10341805,PMC10343023,PMC10364423,PMC10390331,PMC10392066,PMC10400931,PMC10405909,PMC10420076,PMC10421285,PMC10424212,PMC10424726,PMC10430181,PMC10433122,PMC10436061,PMC10440132,PMC10463418,PMC10463943,PMC10488209,PMC10491493,PMC10493584,PMC10495110,PMC10497005,PMC10517016,PMC10528377,PMC10528709,PMC10535704,PMC10539389,PMC10542208,PMC10548173,PMC10552570,PMC10558127,PMC10561728,PMC10567561,PMC10567590,PMC10568904,PMC10575897,PMC10578441,PMC10579541,PMC10607444,PMC10618095,PMC10621593,PMC10632736,PMC10641732,PMC10643902,PMC10648933,PMC10656274,PMC10658294,PMC10673920,PMC10680189,PMC10683627,PMC10691915,PMC10698571,PMC10714758,PMC10721146,PMC10721838,PMC10728080,PMC10730663,PMC10733409,PMC10734917,PMC10746637,PMC10755587,PMC10757665,PMC10758093,PMC10761578,PMC10763032,PMC10764960,PMC10765682,PMC10766641,PMC10772835,PMC10788721,PMC10789063,PMC10797298,PMC10798281,PMC10798628,PMC10803816,PMC10805445,PMC10809359,PMC10838930,PMC10858962,PMC10861343,PMC10866406,PMC10869491,PMC10879683,PMC10883946,PMC10884039,PMC10888720,PMC10899070,PMC10907373,PMC10910280,PMC10911387,PMC10914587,PMC10914623,PMC10915271,PMC10928119,PMC10929748,PMC10931705,PMC10940837,PMC10943271,PMC10945706,PMC10953579,PMC10954759,PMC10960451,PMC10964551,PMC10981453,PMC10983034,PMC10989404,PMC10995478,PMC10997418,PMC11006759,PMC11010450,PMC11017077,PMC11025112,PMC11033199,PMC11039711,PMC11047486,PMC11053352,PMC11061746,PMC11066337,PMC11066612,PMC11069109,PMC11070699,PMC11080834,PMC11081866,PMC11087749,PMC11087771,PMC11088103,PMC11090971,PMC11093299,PMC11094882,PMC11095141,PMC11103504,PMC11103578,PMC11131254,PMC11137524,PMC11140944,PMC11148074,PMC11192907,PMC11206268,PMC11208901,PMC11208987,PMC11209525,PMC11218895,PMC11222069,PMC11226448,PMC11237335,PMC11253350,PMC11253755,PMC11255281,PMC11258656,PMC11259178,PMC11260627,PMC11267965,PMC11277320,PMC11280224,PMC11284931,PMC11286718,PMC11289992,PMC11297696,PMC11316933,PMC11318243,PMC11319242,PMC11335226,PMC11338102,PMC11348200,PMC11351136,PMC11354303,PMC11370681,PMC11386913,PMC11393424,PMC11396859,PMC11401462,PMC11402745,PMC11405634,PMC11407981,PMC11408498,PMC11411834,PMC11422156,PMC11425834,PMC11434037,PMC11434693,PMC11436795,PMC11453086,PMC11461581,PMC11465848,PMC11471870,PMC11476876,PMC11477905,PMC11483943,PMC11488340,PMC11489542,PMC11490802,PMC11513484,PMC11513804,PMC11520590,PMC11520775,PMC11527445,PMC11527546,PMC11528236,PMC11529560,PMC11539714,PMC11541450,PMC11544424,PMC11550370,PMC11550419,PMC11551078,PMC11557922,PMC11570687,PMC11572359,PMC11575167,PMC11580722,PMC11582807,PMC11584735,PMC11601584,PMC11609523,PMC11616750,PMC11629149,PMC11634721,PMC11656615,PMC11658085,PMC11662061,PMC11662811,PMC11665244,PMC11666467,PMC11667017,PMC11667818,PMC11671380,PMC11693546,PMC11695690,PMC11700651,PMC11705509,PMC11711062,PMC11719931,PMC11737231,PMC11747041,PMC11749119,PMC11750987,PMC11754728,PMC11763339,PMC11763762,PMC11767036,PMC11772666,PMC11775607,PMC11775746,PMC11780531,PMC11782348,PMC11785771,PMC11785999,PMC11786189,PMC11788751,PMC11790890,PMC11791960,PMC11792023,PMC11792039,PMC11796036,PMC11799051,PMC11804313,PMC11804790,PMC11808570,PMC11811601,PMC11815819,PMC11819765,PMC11819909,PMC11822663,PMC11848546,PMC11853041,PMC11868599,PMC11871414,PMC11889867,PMC11892251,PMC11892753,PMC11906746,PMC11909186,PMC11910871,PMC11923102,PMC11923918,PMC11926377,PMC11934500,PMC11949007,PMC11951931,PMC11953972,PMC11964291,PMC11966386,PMC11972349,PMC11973065,PMC11973090,PMC11973227,PMC11989681,PMC11993729,PMC11998502,PMC12000565,PMC12015036,PMC12015567,PMC12034852,PMC12037491,PMC12048462,PMC12064718,PMC12066529,PMC12068311,PMC12073915,PMC12075793,PMC12079524,PMC12079525,PMC12084640,PMC12086582,PMC12089278,PMC12090515,PMC12094498,PMC12098660,PMC12119803,PMC12159843,PMC12160919,PMC12216226,PMC12232645,PMC3744417,PMC4394463,PMC4432925,PMC4813675,PMC4866786,PMC4888589,PMC5020049,PMC5116671,PMC5120183,PMC5332356,PMC5447453,PMC5548719,PMC5655326,PMC5908102,PMC5970166,PMC5976931,PMC6028599,PMC6047274,PMC6117346,PMC6176650,PMC6299564,PMC6330398,PMC6333607,PMC6551346,PMC6554964,PMC6586612,PMC6661544,PMC6764589,PMC6803615,PMC6814131,PMC6835598,PMC6854551,PMC6909674,PMC6912624,PMC6923952,PMC6925927,PMC6927982,PMC6981306,PMC6985984,PMC7001304,PMC7039154,PMC7072279,PMC7113137,PMC7154038,PMC7180589,PMC7216582,PMC7228091,PMC7235443,PMC7244066,PMC7260097,PMC7304783,PMC7339629,PMC7352299,PMC7352993,PMC7391196,PMC7453397,PMC7492260,PMC7528015,PMC7539109,PMC7564327,PMC7642341,PMC7654018,PMC7693641,PMC7695853,PMC7729163,PMC7735758,PMC7751444,PMC7788239,PMC7839226,PMC7871222,PMC7880391,PMC7880395,PMC7893740,PMC7898207,PMC7901890,PMC7904825,PMC7917458,PMC7944181,PMC7947887,PMC7959971,PMC7965964,PMC7969647,PMC7986601,PMC7994859,PMC7999796,PMC8004208,PMC8055676,PMC8072820,PMC8075359,PMC8083103,PMC8084130,PMC8100126,PMC8106038,PMC8110307,PMC8116612,PMC8141414,PMC8176176,PMC8226633,PMC8233147,PMC8233984,PMC8265424,PMC8268469,PMC8298384,PMC8342891,PMC8365892,PMC8371965,PMC8396265,PMC8415539,PMC8431630,PMC8436908,PMC8446434,PMC8460592,PMC8472625,PMC8474232,PMC8474399,PMC8475950,PMC8477010,PMC8495260,PMC8500224,PMC8518197,PMC8520065,PMC8523998,PMC8526898,PMC8531597,PMC8562569,PMC8565190,PMC8579363,PMC8581578,PMC8593239,PMC8649520,PMC8653804,PMC8664937,PMC8707482,PMC8724769,PMC8726530,PMC8750310,PMC8766854,PMC8787356,PMC8794691,PMC8805618,PMC8809925,PMC8813576,PMC8831790,PMC8834116,PMC8854586,PMC8899187,PMC8901640,PMC8923133,PMC8933567,PMC8938067,PMC8946789,PMC8962347,PMC8965694,PMC8969340,PMC8971168,PMC8973832,PMC8979429,PMC8985998,PMC8990853,PMC8995170,PMC8996597,PMC9016350,PMC9020036,PMC9022202,PMC9027376,PMC9027456,PMC9037269,PMC9046703,PMC9049648,PMC9080164,PMC9094574,PMC9097387,PMC9099201,PMC9109296,PMC9109604,PMC9113201,PMC9116420,PMC9122210,PMC9149582,PMC9161934,PMC9161942,PMC9162029,PMC9166466,PMC9170173,PMC9188247,PMC9199371,PMC9208237,PMC9225674,PMC9226810,PMC9270210,PMC9273600,PMC9275877,PMC9275922,PMC9296668,PMC9331528,PMC9338878,PMC9339102,PMC9340718,PMC9347178,PMC9348919,PMC9351446,PMC9357127,PMC9360398,PMC9363786,PMC9388649,PMC9394511,PMC9411106,PMC9413995,PMC9415356,PMC9415505,PMC9426532,PMC9449591,PMC9457330,PMC9458123,PMC9458434,PMC9464954,PMC9484217,PMC9500444,PMC9532625,PMC9548348,PMC9557233,PMC9561761,PMC9584610,PMC9601310,PMC9617565,PMC9632054,PMC9639038,PMC9640671,PMC9640916,PMC9652013,PMC9652856,PMC9658363,PMC9668997,PMC9686703,PMC9699635,PMC9738199,PMC9745480,PMC9769737,PMC9772321,PMC9779098,PMC9780620,PMC9785868,PMC9788552,PMC9788780,PMC9790736,PMC9803783,PMC9806642,PMC9807165,PMC9810602,PMC9811326,PMC9830134,PMC9864948,PMC9870865,PMC9871967,PMC9881374,PMC9883134,PMC9902321,PMC9906918,PMC9924944,PMC9926237,PMC9935546,PMC9958042,PMC9959305,PMC9964960,PMC9967312,PMC9975755,PMC9991912","PMC2681481,PMC4452704,PMC9834417",124,0,614,3,,0,0.8525445037844184,0.7461111111111112,0.0,65.01055852255425,74.09306375758784
AAGTTCAACGGCACAGTCAAGG,GTGATGCTGGTGCTGAGTATGT,"121 (1) (1), GADPH (1) (1), GAP (1) (1), GAPDAH (1) (1), GAPDH (34) (1), GAPDH-F (1) (1), Gapdh (5) (1), Gene (1) (1), c-GAPDH (1) (1), gapdh (1) (1), n-DNA (1) (1), rat- (3) (1)","BoGAPDH-qR (1) (1), BoGAPDHA (1) (1), BtauGAPDH-R (2) (1), CXCL10 (1) (1), Cow (1) (1), GADPH (1) (1), GAPD (1) (1), GAPDH (16) (1), GAPDH-F (1) (1), GAPDH-R (2) (1), GAPDH1 (1) (1), GAPDH2_B (1) (1), Gene (1) (1), Name (1) (1), R-GAPDH-R (1) (1), R-primer (1) (1), Rattus-Gapdh-R (1) (1), The (3) (1), rat-GAPDH-reverse (1) (1)",20.0,5.2,54,56," PMC10408016, PMC10552323, PMC10676529, PMC10955157, PMC11074268, PMC11237669, PMC11330151, PMC11339468, PMC11512431, PMC11521569, PMC11577739, PMC11673375, PMC11686907, PMC11743660, PMC11743768, PMC11771343, PMC12075817, PMC3813269, PMC3813272, PMC3985231, PMC4698330, PMC4705462, PMC4706733, PMC5019362, PMC6312672, PMC6403900, PMC6589982, PMC6907335, PMC6977618, PMC7239415, PMC7502907, PMC7554557, PMC7582058, PMC7645344, PMC7700443, PMC7758000, PMC7859984, PMC7878042, PMC8344085, PMC8380193, PMC8472561, PMC8666922, PMC8785478, PMC8806549, PMC8830423, PMC9094495, PMC9095412, PMC9148832, PMC9742899, PMC9803661,PMC10209690,PMC9569363"," PMC10294607, PMC10573426, PMC10607261, PMC11119058, PMC11124176, PMC11236931, PMC11302460, PMC11538678, PMC11565677, PMC11773957, PMC11790752, PMC1315359, PMC3224571, PMC3278664, PMC3315523, PMC3511184, PMC3569626, PMC3937011, PMC3968062, PMC4179812, PMC4521469, PMC4581756, PMC5087947, PMC5568205, PMC5571561, PMC5609973, PMC5647699, PMC5679375, PMC5765104, PMC5884578, PMC6124576, PMC6214003, PMC6236223, PMC6459987, PMC6612098, PMC6617669, PMC6713719, PMC6930770, PMC7127041, PMC7327068, PMC7327924, PMC7554725, PMC7662560, PMC7875910, PMC7876495, PMC8029671, PMC8446698, PMC8759875, PMC8868460, PMC9224199, PMC9575285, PMC9635879, PMC9694000,PMC10167888,PMC7827688",12.0,4.0,NM_001034034.2,NM_001034034.2,228.0,328.0,249.0,349.0,forward,reverse_complement,GAPDH,GAPDH,62.24,61.34,50.0,50.0,52,55,3,2,4,,,,,,,,,,,,,,,,,,,,,"PMC10209690,PMC10408016,PMC10552323,PMC10676529,PMC10955157,PMC11074268,PMC11237669,PMC11330151,PMC11339468,PMC11512431,PMC11521569,PMC11577739,PMC11673375,PMC11686907,PMC11743660,PMC11743768,PMC11771343,PMC12075817,PMC3813269,PMC3813272,PMC3985231,PMC4698330,PMC4705462,PMC4706733,PMC5019362,PMC6312672,PMC6403900,PMC6589982,PMC6907335,PMC6977618,PMC7239415,PMC7502907,PMC7554557,PMC7582058,PMC7645344,PMC7700443,PMC7758000,PMC7859984,PMC7878042,PMC8344085,PMC8380193,PMC8472561,PMC8666922,PMC8785478,PMC8806549,PMC8830423,PMC9094495,PMC9095412,PMC9148832,PMC9569363,PMC9742899,PMC9803661",,"PMC11773957,PMC9224199","PMC10167888,PMC10294607,PMC10573426,PMC10607261,PMC11119058,PMC11124176,PMC11236931,PMC11302460,PMC11538678,PMC11565677,PMC11790752,PMC1315359,PMC3224571,PMC3278664,PMC3315523,PMC3511184,PMC3569626,PMC3937011,PMC3968062,PMC4179812,PMC4521469,PMC4581756,PMC5087947,PMC5568205,PMC5571561,PMC5609973,PMC5647699,PMC5679375,PMC5765104,PMC5884578,PMC6124576,PMC6214003,PMC6236223,PMC6459987,PMC6612098,PMC6617669,PMC6713719,PMC6930770,PMC7127041,PMC7327068,PMC7327924,PMC7554725,PMC7662560,PMC7827688,PMC7875910,PMC7876495,PMC8029671,PMC8446698,PMC8759875,PMC8868460,PMC9575285,PMC9635879,PMC9694000",52,0,2,53,,0,0.5341644845146488,0.8011111111111107,0.7000000000000004,64.74155755906577,73.54954644869693
