f_sequence,r_sequence,f_author_gene_list,r_author_gene_list,f_evalue,r_evalue,f_Occurrence_Count,r_Occurrence_Count,f_pmcid_list,r_pmcid_list,f_Citation_Count,r_Citation_Count,f_gene1,r_gene1,f_start,r_start,f_end,r_end,f_orientation,r_orientation,f_gene,r_gene,f_Tm_C,r_Tm_C,f_GC_pct,r_GC_pct,f_pmcid_count,r_pmcid_count,f_self_comp,r_self_comp,pair_comp,f_cross_specificity_0,f_cross_specificity_0_seq,r_cross_specificity_0,r_cross_specificity_0_seq,f_cross_specificity_1,f_cross_specificity_1_seq,r_cross_specificity_1,r_cross_specificity_1_seq,f_cross_specificity_2,f_cross_specificity_2_seq,r_cross_specificity_2,r_cross_specificity_2_seq,f_cross_specificity_3,f_cross_specificity_3_seq,r_cross_specificity_3,r_cross_specificity_3_seq,f_cross_specificity_4,f_cross_specificity_4_seq,r_cross_specificity_4,r_cross_specificity_4_seq,f_reg_pmcid_list,f_inv_pmcid_list,r_reg_pmcid_list,r_inv_pmcid_list,f_reg_pmcid_count,f_inv_pmcid_count,r_reg_pmcid_count,r_inv_pmcid_count,pair_shared_pmcid_list,pair_shared_pmcid_count,evidence_score,biophysics_score,synergy_score,pickr_score,percentile
CAAGTAACAAGCCGGTAGCC,GCTTTTGGTGCTCATGGTGT,"NM_001286442.1 (1) (1), NM_173966.3 (1) (1), TNF (1) (1), TNF- (3) (1), TNFA (1) (1)","TNF (1) (1), TNF- (4) (1), Tumor (1) (1)",14.0,0.87,8,6," PMC10858391, PMC11481229, PMC5458463, PMC6387704, PMC7043141, PMC8173046, PMC9136126,PMC10553221"," PMC11551998, PMC5995895, PMC6412108, PMC7160735, PMC8545652,PMC11416884",0.0,0.0,XR_009492627.1,XR_009492627.1,331.0,530.0,350.0,549.0,forward,reverse_complement,LOC100847561,LOC100847561,59.56,59.98,55.0,50.0,8,6,4,4,4,,,,,,,,,,,,,,,,,,,,,"PMC10553221,PMC10858391,PMC11481229,PMC5458463,PMC6387704,PMC7043141,PMC8173046,PMC9136126",,,"PMC11416884,PMC11551998,PMC5995895,PMC6412108,PMC7160735,PMC8545652",8,0,0,6,,0,0.25469526208249127,0.9744444444444444,0.8600000000000018,59.168096437457926,61.16248904684491
CAAGTAACAAGCCGGTAGCCC,CAGGCAGAAGAGCGTGGTG,"173 (2) (1), LBP (1) (1), TNF- (2) (1)","GCC (1) (1), Gen (1) (1), H-TNFalpha-RP (1) (1), TNF (2) (1), TNF- (1) (1)",17.0,0.011,8,10," PMC3871605, PMC4214727, PMC4744397, PMC5288341, PMC8988195, PMC9632208,PMC3374952"," PMC2988002, PMC4218705, PMC4317226, PMC4363195, PMC5848566, PMC7143507, PMC7575703, PMC7937904, PMC9073571,PMC10487429",0.0,0.0,XR_009492627.1,XR_009492627.1,330.0,395.0,350.0,413.0,forward,reverse_complement,LOC100847561,LOC100847561,61.93,61.67,57.1,63.2,7,10,4,2,3,,,,,,,,,,,,,,,,,,,,,"PMC3871605,PMC4214727,PMC4744397,PMC5288341,PMC9632208","PMC3374952,PMC8988195","PMC10487429,PMC2988002,PMC4218705,PMC4317226,PMC4363195,PMC5848566,PMC7143507,PMC7575703,PMC7937904,PMC9073571",,5,2,10,0,,0,0.36865217393151567,0.6766666666666665,0.913333333333334,56.999275363242454,55.91958856176572
CAAGTAACAAGCCGGTAGCCC,TTCTCGGAGAGCACCTCCTC,"173 (2) (1), LBP (1) (1), TNF- (2) (1)",TNFA (1) (1),17.0,3.5,8,8," PMC3871605, PMC4214727, PMC4744397, PMC5288341, PMC8988195, PMC9632208,PMC3374952"," PMC10206253, PMC10766357, PMC11253781, PMC5035077, PMC5593094, PMC5959944, PMC6469758,PMC10085765",0.0,0.0,XR_009492627.1,XR_009492627.1,330.0,486.0,350.0,505.0,forward,reverse_complement,LOC100847561,LOC100847561,61.93,61.34,57.1,60.0,7,8,4,4,3,,,,,,,,,,,,,,,,,,,,,"PMC3871605,PMC4214727,PMC4744397,PMC5288341,PMC9632208","PMC3374952,PMC8988195","PMC10085765,PMC10206253,PMC10766357,PMC11253781,PMC5035077,PMC5593094,PMC5959944,PMC6469758",,5,2,8,0,,0,0.3514659496112522,0.7349999999999999,0.8033333333333346,55.6899641472293,52.697090410456596
CAAGTAACAAGCCGGTAGCC,TTCTCGGAGAGCACCTCCTC,"NM_001286442.1 (1) (1), NM_173966.3 (1) (1), TNF (1) (1), TNF- (3) (1), TNFA (1) (1)",TNFA (1) (1),14.0,3.5,8,8," PMC10858391, PMC11481229, PMC5458463, PMC6387704, PMC7043141, PMC8173046, PMC9136126,PMC10553221"," PMC10206253, PMC10766357, PMC11253781, PMC5035077, PMC5593094, PMC5959944, PMC6469758,PMC10085765",0.0,0.0,XR_009492627.1,XR_009492627.1,331.0,486.0,350.0,505.0,forward,reverse_complement,LOC100847561,LOC100847561,59.56,61.34,55.0,60.0,8,8,4,4,3,,,,,,,,,,,,,,,,,,,,,"PMC10553221,PMC10858391,PMC11481229,PMC5458463,PMC6387704,PMC7043141,PMC8173046,PMC9136126",,"PMC10085765,PMC10206253,PMC10766357,PMC11253781,PMC5035077,PMC5593094,PMC5959944,PMC6469758",,8,0,8,0,,0,0.37635783721314464,0.8594444444444443,0.4066666666666663,52.73455852732389,45.39078996536308
CACCACGCTCTTCTGCCTG,TTCTCGGAGAGCACCTCCTC,"GCC (1) (1), Gen (1) (1), H-TNFalpha-RP (1) (1), TNF (2) (1), TNF- (1) (1)",TNFA (1) (1),0.011,3.5,10,8," PMC2988002, PMC4218705, PMC4317226, PMC4363195, PMC5848566, PMC7143507, PMC7575703, PMC7937904, PMC9073571,PMC10487429"," PMC10206253, PMC10766357, PMC11253781, PMC5035077, PMC5593094, PMC5959944, PMC6469758,PMC10085765",0.0,0.0,XR_009492627.1,XR_009492627.1,395.0,486.0,413.0,505.0,forward,reverse_complement,LOC100847561,LOC100847561,61.67,61.34,63.2,60.0,10,8,2,4,5,,,,,,,,,,,,,,,,,,,,,,"PMC10487429,PMC2988002,PMC4218705,PMC4317226,PMC4363195,PMC5848566,PMC7143507,PMC7575703,PMC7937904,PMC9073571","PMC10085765,PMC10206253,PMC10766357,PMC11253781,PMC5035077,PMC5593094,PMC5959944,PMC6469758",,0,10,8,0,,0,0.2701453062438285,0.7094444444444441,0.8900000000000006,52.590598645524764,45.03686272373084
CAAGTAACAAGCCGGTAGCC,CACGCTCTTCTGCCTGCT,"NM_001286442.1 (1) (1), NM_173966.3 (1) (1), TNF (1) (1), TNF- (3) (1), TNFA (1) (1)","NCBI (1) (1), TNF (2) (1), TNF- (2) (1)",14.0,0.028,8,5," PMC10858391, PMC11481229, PMC5458463, PMC6387704, PMC7043141, PMC8173046, PMC9136126,PMC10553221"," PMC3596273, PMC7488428, PMC8119787, PMC8581331,PMC2265723",0.0,0.0,XR_009492627.1,XR_009492627.1,331.0,393.0,350.0,410.0,forward,reverse_complement,LOC100847561,LOC100847561,59.56,60.69,55.0,61.1,8,5,4,2,3,,,,,,,,,,,,,,,,,,,,,"PMC10553221,PMC10858391,PMC11481229,PMC5458463,PMC6387704,PMC7043141,PMC8173046,PMC9136126",,"PMC2265723,PMC3596273,PMC7488428,PMC8119787,PMC8581331",,8,0,5,0,,0,0.3416322172817525,0.7484722222222224,0.6233333333333348,52.00244419742099,43.595269239080004
CAAGTAACAAGCCGGTAGCC,CAGGCAGAAGAGCGTGGTG,"NM_001286442.1 (1) (1), NM_173966.3 (1) (1), TNF (1) (1), TNF- (3) (1), TNFA (1) (1)","GCC (1) (1), Gen (1) (1), H-TNFalpha-RP (1) (1), TNF (2) (1), TNF- (1) (1)",14.0,0.011,8,10," PMC10858391, PMC11481229, PMC5458463, PMC6387704, PMC7043141, PMC8173046, PMC9136126,PMC10553221"," PMC2988002, PMC4218705, PMC4317226, PMC4363195, PMC5848566, PMC7143507, PMC7575703, PMC7937904, PMC9073571,PMC10487429",0.0,0.0,XR_009492627.1,XR_009492627.1,331.0,395.0,350.0,413.0,forward,reverse_complement,LOC100847561,LOC100847561,59.56,61.67,55.0,63.2,8,10,4,2,3,,,,,,,,,,,,,,,,,,,,,"PMC10553221,PMC10858391,PMC11481229,PMC5458463,PMC6387704,PMC7043141,PMC8173046,PMC9136126",,"PMC10487429,PMC2988002,PMC4218705,PMC4317226,PMC4363195,PMC5848566,PMC7143507,PMC7575703,PMC7937904,PMC9073571",,8,0,10,0,,0,0.39354406153340815,0.8011111111111111,0.29666666666666686,49.64386974333708,37.917696229814105
CTTGTTACTTGAGGCTTGAGAAGA,GCTTTTGGTGCTCATGGTGT,"TNF (2) (1), TNFa (1) (1)","TNF (1) (1), TNF- (4) (1), Tumor (1) (1)",6.0,0.87,3,6," PMC5002921, PMC5894239,PMC3878444"," PMC11551998, PMC5995895, PMC6412108, PMC7160735, PMC8545652,PMC11416884",0.0,0.0,XR_009492627.1,XR_009492627.1,340.0,530.0,363.0,549.0,forward,reverse_complement,LOC100847561,LOC100847561,59.37,59.98,41.7,50.0,3,6,3,4,4,,,,,,,,,,,,,,,,,,,,,,"PMC3878444,PMC5002921,PMC5894239",,"PMC11416884,PMC11551998,PMC5995895,PMC6412108,PMC7160735,PMC8545652",0,3,0,6,,0,0.11390354268845516,0.9222222222222218,0.7966666666666669,49.29517713442275,37.09691665668991
AGCAGGCAGAAGAGCGTG,TTCTCGGAGAGCACCTCCTC,"NCBI (1) (1), TNF (2) (1), TNF- (2) (1)",TNFA (1) (1),0.028,3.5,5,8," PMC3596273, PMC7488428, PMC8119787, PMC8581331,PMC2265723"," PMC10206253, PMC10766357, PMC11253781, PMC5035077, PMC5593094, PMC5959944, PMC6469758,PMC10085765",0.0,0.0,XR_009492627.1,XR_009492627.1,393.0,486.0,410.0,505.0,forward,reverse_complement,LOC100847561,LOC100847561,60.69,61.34,61.1,60.0,5,8,2,4,4,,,,,,,,,,,,,,,,,,,,,,"PMC2265723,PMC3596273,PMC7488428,PMC8119787,PMC8581331","PMC10085765,PMC10206253,PMC10766357,PMC11253781,PMC5035077,PMC5593094,PMC5959944,PMC6469758",,0,5,8,0,,0,0.249425985095877,0.6568055555555554,0.7833333333333314,47.84213258812714,33.743167246505614
AGCAGGCAGAAGAGCGTGG,GGAGGAAGGAGAAGAGGCTGAGG,"TNF (1) (1), TNF- (2) (1), TNF-a (1) (1)","Gene (1) (1), IL-6-R (1) (1), NM_001024860.1 (1) (1), NM_173966.3 (2) (1)",0.011,0.001,6,12," PMC11923351, PMC7581800, PMC8215909, PMC8346285,PMC10417720,PMC9170191"," PMC11969861, PMC12024257, PMC6912468, PMC8009576, PMC8494768, PMC8495415, PMC9138109, PMC9312414, PMC9316217, PMC9629132, PMC9733329,PMC10517496",9.0,0.0,XR_009492627.1,XR_009492627.1,393.0,427.0,411.0,449.0,forward,reverse_complement,LOC100847561,LOC100847561,63.25,64.34,63.2,60.9,6,12,2,2,3,,,,,,,,,,,,,,,,,,,,,"PMC10417720,PMC11923351,PMC8215909,PMC9170191","PMC7581800,PMC8346285","PMC10517496,PMC11969861,PMC12024257,PMC6912468,PMC8009576,PMC8494768,PMC8495415,PMC9138109,PMC9312414,PMC9316217,PMC9629132,PMC9733329",,4,2,12,0,,0,0.36901238437219863,0.5320833333333334,0.6366666666666656,47.14645255194325,32.18019366345493
CAAGTAACAAGCCGGTAGCCC,CACGCTCTTCTGCCTGCT,"173 (2) (1), LBP (1) (1), TNF- (2) (1)","NCBI (1) (1), TNF (2) (1), TNF- (2) (1)",17.0,0.028,8,5," PMC3871605, PMC4214727, PMC4744397, PMC5288341, PMC8988195, PMC9632208,PMC3374952"," PMC3596273, PMC7488428, PMC8119787, PMC8581331,PMC2265723",0.0,0.0,XR_009492627.1,XR_009492627.1,330.0,393.0,350.0,410.0,forward,reverse_complement,LOC100847561,LOC100847561,61.93,60.69,57.1,61.1,7,5,4,2,3,,,,,,,,,,,,,,,,,,,,,"PMC3871605,PMC4214727,PMC4744397,PMC5288341,PMC9632208","PMC3374952,PMC8988195","PMC2265723,PMC3596273,PMC7488428,PMC8119787,PMC8581331",,5,2,5,0,,0,0.3167403296798601,0.6240277777777778,0.586666666666666,46.291183150659656,30.301268540628357
AGCAGGCAGAAGAGCGTG,GCTTTTGGTGCTCATGGTGT,"NCBI (1) (1), TNF (2) (1), TNF- (2) (1)","TNF (1) (1), TNF- (4) (1), Tumor (1) (1)",0.028,0.87,5,6," PMC3596273, PMC7488428, PMC8119787, PMC8581331,PMC2265723"," PMC11551998, PMC5995895, PMC6412108, PMC7160735, PMC8545652,PMC11416884",0.0,0.0,XR_009492627.1,XR_009492627.1,393.0,530.0,410.0,549.0,forward,reverse_complement,LOC100847561,LOC100847561,60.69,59.98,61.1,50.0,5,6,2,4,4,,,,,,,,,,,,,,,,,,,,,,"PMC2265723,PMC3596273,PMC7488428,PMC8119787,PMC8581331",,"PMC11416884,PMC11551998,PMC5995895,PMC6412108,PMC7160735,PMC8545652",0,5,0,6,,0,0.12776340996522356,0.7718055555555554,0.7633333333333331,44.8090038315945,27.167369003219477
GAGGAGGTGCTCTCCGAGAA,GCTTTTGGTGCTCATGGTGT,TNFA (1) (1),"TNF (1) (1), TNF- (4) (1), Tumor (1) (1)",3.5,0.87,8,6," PMC10206253, PMC10766357, PMC11253781, PMC5035077, PMC5593094, PMC5959944, PMC6469758,PMC10085765"," PMC11551998, PMC5995895, PMC6412108, PMC7160735, PMC8545652,PMC11416884",0.0,0.0,XR_009492627.1,XR_009492627.1,486.0,530.0,505.0,549.0,forward,reverse_complement,LOC100847561,LOC100847561,61.34,59.98,60.0,50.0,8,6,4,4,3,,,,,,,,,,,,,,,,,,,,,,"PMC10085765,PMC10206253,PMC10766357,PMC11253781,PMC5035077,PMC5593094,PMC5959944,PMC6469758",,"PMC11416884,PMC11551998,PMC5995895,PMC6412108,PMC7160735,PMC8545652",0,8,0,6,,0,0.14162327724199197,0.8827777777777774,0.5466666666666644,44.49783052876621,26.53052154709561
CAAGTAACAAGCCGGTAGCCC,GCTTTTGGTGCTCATGGTGT,"173 (2) (1), LBP (1) (1), TNF- (2) (1)","TNF (1) (1), TNF- (4) (1), Tumor (1) (1)",17.0,0.87,8,6," PMC3871605, PMC4214727, PMC4744397, PMC5288341, PMC8988195, PMC9632208,PMC3374952"," PMC11551998, PMC5995895, PMC6412108, PMC7160735, PMC8545652,PMC11416884",0.0,0.0,XR_009492627.1,XR_009492627.1,330.0,530.0,350.0,549.0,forward,reverse_complement,LOC100847561,LOC100847561,61.93,59.98,57.1,50.0,7,6,4,4,4,,,,,,,,,,,,,,,,,,,,,"PMC3871605,PMC4214727,PMC4744397,PMC5288341,PMC9632208","PMC3374952,PMC8988195",,"PMC11416884,PMC11551998,PMC5995895,PMC6412108,PMC7160735,PMC8545652",5,2,0,6,,0,0.22980337448059882,0.8499999999999999,0.3499999999999991,43.99016872402992,25.508061208742916
CAAGTAACAAGCCGGTAGCCC,CCACGCTCTTCTGCCTGCT,"173 (2) (1), LBP (1) (1), TNF- (2) (1)","TNF (1) (1), TNF- (2) (1), TNF-a (1) (1)",17.0,0.011,8,6," PMC3871605, PMC4214727, PMC4744397, PMC5288341, PMC8988195, PMC9632208,PMC3374952"," PMC11923351, PMC7581800, PMC8215909, PMC8346285,PMC10417720,PMC9170191",0.0,9.0,XR_009492627.1,XR_009492627.1,330.0,393.0,350.0,411.0,forward,reverse_complement,LOC100847561,LOC100847561,61.93,63.25,57.1,63.2,7,6,4,2,3,,,,,,,,,,,,,,,,,,,,,"PMC3871605,PMC4214727,PMC4744397,PMC5288341,PMC9632208","PMC3374952,PMC8988195","PMC7581800,PMC8346285","PMC10417720,PMC11923351,PMC8215909,PMC9170191",5,2,2,4,,0,0.28633936690084844,0.6027777777777779,0.5599999999999998,43.60030167837575,24.737072759622563
AGCAGGCAGAAGAGCGTGG,TTCTCGGAGAGCACCTCCTC,"TNF (1) (1), TNF- (2) (1), TNF-a (1) (1)",TNFA (1) (1),0.011,3.5,6,8," PMC11923351, PMC7581800, PMC8215909, PMC8346285,PMC10417720,PMC9170191"," PMC10206253, PMC10766357, PMC11253781, PMC5035077, PMC5593094, PMC5959944, PMC6469758,PMC10085765",9.0,0.0,XR_009492627.1,XR_009492627.1,393.0,486.0,411.0,505.0,forward,reverse_complement,LOC100847561,LOC100847561,63.25,61.34,63.2,60.0,6,8,2,4,4,,,,,,,,,,,,,,,,,,,,,"PMC10417720,PMC11923351,PMC8215909,PMC9170191","PMC7581800,PMC8346285","PMC10085765,PMC10206253,PMC10766357,PMC11253781,PMC5035077,PMC5593094,PMC5959944,PMC6469758",,4,2,8,0,,0,0.3375189939456664,0.6355555555555553,0.3633333333333345,43.209283030616675,23.97649746952879
CAAGTAACAAGCCGGTAGCC,GGAGGAAGGAGAAGAGGCTGAGG,"NM_001286442.1 (1) (1), NM_173966.3 (1) (1), TNF (1) (1), TNF- (3) (1), TNFA (1) (1)","Gene (1) (1), IL-6-R (1) (1), NM_001024860.1 (1) (1), NM_173966.3 (2) (1)",14.0,0.001,8,12," PMC10858391, PMC11481229, PMC5458463, PMC6387704, PMC7043141, PMC8173046, PMC9136126,PMC10553221"," PMC11969861, PMC12024257, PMC6912468, PMC8009576, PMC8494768, PMC8495415, PMC9138109, PMC9312414, PMC9316217, PMC9629132, PMC9733329,PMC10517496",0.0,0.0,XR_009492627.1,XR_009492627.1,331.0,427.0,350.0,449.0,forward,reverse_complement,LOC100847561,LOC100847561,59.56,64.34,55.0,60.9,8,12,4,2,4,,,,,,,,,,,,,,,,,,,,,"PMC10553221,PMC10858391,PMC11481229,PMC5458463,PMC6387704,PMC7043141,PMC8173046,PMC9136126",,"PMC10517496,PMC11969861,PMC12024257,PMC6912468,PMC8009576,PMC8494768,PMC8495415,PMC9138109,PMC9312414,PMC9316217,PMC9629132,PMC9733329",,8,0,12,0,,0,0.40785122763967685,0.7559722222222224,0.0,43.07172804865051,23.71200312155473
CTTGTTACTTGAGGCTTGAGAAGA,TTCTCGGAGAGCACCTCCTC,"TNF (2) (1), TNFa (1) (1)",TNFA (1) (1),6.0,3.5,3,8," PMC5002921, PMC5894239,PMC3878444"," PMC10206253, PMC10766357, PMC11253781, PMC5035077, PMC5593094, PMC5959944, PMC6469758,PMC10085765",0.0,0.0,XR_009492627.1,XR_009492627.1,340.0,486.0,363.0,505.0,forward,reverse_complement,LOC100847561,LOC100847561,59.37,61.34,41.7,60.0,3,8,3,4,5,,,,,,,,,,,,,,,,,,,,,,"PMC3878444,PMC5002921,PMC5894239","PMC10085765,PMC10206253,PMC10766357,PMC11253781,PMC5035077,PMC5593094,PMC5959944,PMC6469758",,0,3,8,0,,0,0.23556611781910858,0.8072222222222218,0.3433333333333314,42.86163922428871,23.311151441783455
CAAGTAACAAGCCGGTAGCCC,GGAGGAAGGAGAAGAGGCTGAGG,"173 (2) (1), LBP (1) (1), TNF- (2) (1)","Gene (1) (1), IL-6-R (1) (1), NM_001024860.1 (1) (1), NM_173966.3 (2) (1)",17.0,0.001,8,12," PMC3871605, PMC4214727, PMC4744397, PMC5288341, PMC8988195, PMC9632208,PMC3374952"," PMC11969861, PMC12024257, PMC6912468, PMC8009576, PMC8494768, PMC8495415, PMC9138109, PMC9312414, PMC9316217, PMC9629132, PMC9733329,PMC10517496",0.0,0.0,XR_009492627.1,XR_009492627.1,330.0,427.0,350.0,449.0,forward,reverse_complement,LOC100847561,LOC100847561,61.93,64.34,57.1,60.9,7,12,4,2,4,,,,,,,,,,,,,,,,,,,,,"PMC3871605,PMC4214727,PMC4744397,PMC5288341,PMC9632208","PMC3374952,PMC8988195","PMC10517496,PMC11969861,PMC12024257,PMC6912468,PMC8009576,PMC8494768,PMC8495415,PMC9138109,PMC9312414,PMC9316217,PMC9629132,PMC9733329",,5,2,12,0,,0,0.3829593400377844,0.6315277777777779,0.19666666666666544,42.02713366855587,21.756636861602548
CACCACGCTCTTCTGCCTG,GCTTTTGGTGCTCATGGTGT,"GCC (1) (1), Gen (1) (1), H-TNFalpha-RP (1) (1), TNF (2) (1), TNF- (1) (1)","TNF (1) (1), TNF- (4) (1), Tumor (1) (1)",0.011,0.87,10,6," PMC2988002, PMC4218705, PMC4317226, PMC4363195, PMC5848566, PMC7143507, PMC7575703, PMC7937904, PMC9073571,PMC10487429"," PMC11551998, PMC5995895, PMC6412108, PMC7160735, PMC8545652,PMC11416884",0.0,0.0,XR_009492627.1,XR_009492627.1,395.0,530.0,413.0,549.0,forward,reverse_complement,LOC100847561,LOC100847561,61.67,59.98,63.2,50.0,10,6,2,4,5,,,,,,,,,,,,,,,,,,,,,,"PMC10487429,PMC2988002,PMC4218705,PMC4317226,PMC4363195,PMC5848566,PMC7143507,PMC7575703,PMC7937904,PMC9073571",,"PMC11416884,PMC11551998,PMC5995895,PMC6412108,PMC7160735,PMC8545652",0,10,0,6,,0,0.14848273111317506,0.8244444444444441,0.4366666666666651,40.89080322232538,19.739180073553403
CAAGTAACAAGCCGGTAGCC,GCCACCACGCTCTTCTGCCT,"NM_001286442.1 (1) (1), NM_173966.3 (1) (1), TNF (1) (1), TNF- (3) (1), TNFA (1) (1)","NM_001082263.1 (1) (1), Tnfa (1) (1)",14.0,0.004,8,9," PMC10858391, PMC11481229, PMC5458463, PMC6387704, PMC7043141, PMC8173046, PMC9136126,PMC10553221"," PMC4141808, PMC4338227, PMC7500786,PMC10721148,PMC11773338,PMC7761388,PMC7876028,PMC8527011,PMC9621135",0.0,55.0,XR_009492627.1,XR_009492627.1,331.0,396.0,350.0,415.0,forward,reverse_complement,LOC100847561,LOC100847561,59.56,65.86,55.0,65.0,8,9,4,2,3,,,,,,,,,,,,,,,,,,,,,"PMC10553221,PMC10858391,PMC11481229,PMC5458463,PMC6387704,PMC7043141,PMC8173046,PMC9136126",,"PMC10721148,PMC11773338,PMC4141808,PMC4338227,PMC7500786,PMC7761388,PMC7876028,PMC8527011,PMC9621135",,8,0,9,0,,0,0.38538132443644757,0.7047222222222224,0.0,40.41073288848905,18.922011154780026
AGGCAGAAGAGCGTGGTGGC,GGAGGAAGGAGAAGAGGCTGAGG,"NM_001082263.1 (1) (1), Tnfa (1) (1)","Gene (1) (1), IL-6-R (1) (1), NM_001024860.1 (1) (1), NM_173966.3 (2) (1)",0.004,0.001,9,12," PMC4141808, PMC4338227, PMC7500786,PMC10721148,PMC11773338,PMC7761388,PMC7876028,PMC8527011,PMC9621135"," PMC11969861, PMC12024257, PMC6912468, PMC8009576, PMC8494768, PMC8495415, PMC9138109, PMC9312414, PMC9316217, PMC9629132, PMC9733329,PMC10517496",55.0,0.0,XR_009492627.1,XR_009492627.1,396.0,427.0,415.0,449.0,forward,reverse_complement,LOC100847561,LOC100847561,65.86,64.34,65.0,60.9,9,12,2,2,3,,,,,,,,,,,,,,,,,,,,,,"PMC10721148,PMC11773338,PMC4141808,PMC4338227,PMC7500786,PMC7761388,PMC7876028,PMC8527011,PMC9621135","PMC10517496,PMC11969861,PMC12024257,PMC6912468,PMC8009576,PMC8494768,PMC8495415,PMC9138109,PMC9312414,PMC9316217,PMC9629132,PMC9733329",,0,9,12,0,,0,0.2983807432341788,0.5095833333333334,0.4933333333333346,40.07320382837564,18.360137873039335
CTTGTTACTTGAGGCTTGAGAAGA,CAGGCAGAAGAGCGTGGTG,"TNF (2) (1), TNFa (1) (1)","GCC (1) (1), Gen (1) (1), H-TNFalpha-RP (1) (1), TNF (2) (1), TNF- (1) (1)",6.0,0.011,3,10," PMC5002921, PMC5894239,PMC3878444"," PMC2988002, PMC4218705, PMC4317226, PMC4363195, PMC5848566, PMC7143507, PMC7575703, PMC7937904, PMC9073571,PMC10487429",0.0,0.0,XR_009492627.1,XR_009492627.1,340.0,395.0,363.0,413.0,forward,reverse_complement,LOC100847561,LOC100847561,59.37,61.67,41.7,63.2,3,10,3,2,3,,,,,,,,,,,,,,,,,,,,,,"PMC3878444,PMC5002921,PMC5894239","PMC10487429,PMC2988002,PMC4218705,PMC4317226,PMC4363195,PMC5848566,PMC7143507,PMC7575703,PMC7937904,PMC9073571",,0,3,10,0,,0,0.25275234213937203,0.7488888888888886,0.23333333333333195,39.7709504403019,17.86590970127096
CAAGTAACAAGCCGGTAGCC,TGTGCCTCAGCCTCTTCTC,"NM_001286442.1 (1) (1), NM_173966.3 (1) (1), TNF (1) (1), TNF- (3) (1), TNFA (1) (1)",Tnf (4) (1),14.0,0.66,8,5," PMC10858391, PMC11481229, PMC5458463, PMC6387704, PMC7043141, PMC8173046, PMC9136126,PMC10553221"," PMC6008309, PMC6522590, PMC6580069, PMC6618150,PMC5880952",0.0,0.0,XR_009492627.1,XR_009492627.1,331.0,435.0,350.0,453.0,forward,reverse_complement,LOC100847561,LOC100847561,59.56,59.68,55.0,57.9,8,5,4,2,3,,,,,,,MEI1,.....A.............,,,,,,,,,,,,,"PMC10553221,PMC10858391,PMC11481229,PMC5458463,PMC6387704,PMC7043141,PMC8173046,PMC9136126",,"PMC5880952,PMC6008309,PMC6522590,PMC6580069,PMC6618150",,8,0,5,0,,0,0.3416322172817525,0.09161111111111113,0.9600000000000009,39.029944197420974,16.69010469858325
CAAGTAACAAGCCGGTAGCC,GCAGGCAGAAGAGCGTGGTG,"NM_001286442.1 (1) (1), NM_173966.3 (1) (1), TNF (1) (1), TNF- (3) (1), TNFA (1) (1)","Gene (1) (1), TNF (3) (1), TNF- (1) (1)",14.0,0.004,8,5," PMC10858391, PMC11481229, PMC5458463, PMC6387704, PMC7043141, PMC8173046, PMC9136126,PMC10553221"," PMC7415121, PMC7516711, PMC8889029, PMC8935846,PMC10714675",0.0,0.0,XR_009492627.1,XR_009492627.1,331.0,394.0,350.0,413.0,forward,reverse_complement,LOC100847561,LOC100847561,59.56,64.64,55.0,65.0,8,5,4,2,3,,,,,,,,,,,,,,,,,,,,,"PMC10553221,PMC10858391,PMC11481229,PMC5458463,PMC6387704,PMC7043141,PMC8173046,PMC9136126",,"PMC10714675,PMC7415121,PMC7516711,PMC8889029,PMC8935846",,8,0,5,0,,0,0.3416322172817525,0.7047222222222224,0.0,38.223277530754295,15.468226890739995
CAAGTAACAAGCCGGTAGCC,CCACGCTCTTCTGCCTGCT,"NM_001286442.1 (1) (1), NM_173966.3 (1) (1), TNF (1) (1), TNF- (3) (1), TNFA (1) (1)","TNF (1) (1), TNF- (2) (1), TNF-a (1) (1)",14.0,0.011,8,6," PMC10858391, PMC11481229, PMC5458463, PMC6387704, PMC7043141, PMC8173046, PMC9136126,PMC10553221"," PMC11923351, PMC7581800, PMC8215909, PMC8346285,PMC10417720,PMC9170191",0.0,9.0,XR_009492627.1,XR_009492627.1,331.0,393.0,350.0,411.0,forward,reverse_complement,LOC100847561,LOC100847561,59.56,63.25,55.0,63.2,8,6,4,2,3,,,,,,,,,,,,,,,,,,,,,"PMC10553221,PMC10858391,PMC11481229,PMC5458463,PMC6387704,PMC7043141,PMC8173046,PMC9136126",,"PMC7581800,PMC8346285","PMC10417720,PMC11923351,PMC8215909,PMC9170191",8,0,2,4,,0,0.3112312545027409,0.7272222222222223,0.0,37.37822939180372,14.253230888613523
CCTCAGCCTCTTCTCCTTCCTCC,GAGAGCACCTCCTCCGCCAG,"Gene (1) (1), IL-6-R (1) (1), NM_001024860.1 (1) (1), NM_173966.3 (2) (1)","IL-6-F (1) (1), NM_173966.3 (1) (1), TNF (1) (1), TNF- (6) (1)",0.001,0.87,12,9," PMC11969861, PMC12024257, PMC6912468, PMC8009576, PMC8494768, PMC8495415, PMC9138109, PMC9312414, PMC9316217, PMC9629132, PMC9733329,PMC10517496"," PMC11969861, PMC12024257, PMC6912468, PMC8009576, PMC8495415, PMC9138109, PMC9312414, PMC9629132,PMC10517496",0.0,0.0,XR_009492627.1,XR_009492627.1,427.0,492.0,449.0,511.0,forward,reverse_complement,LOC100847561,LOC100847561,64.34,65.08,60.9,70.0,12,9,2,3,4,,,,,,,,,,,,,,,,,,,,,,"PMC10517496,PMC11969861,PMC12024257,PMC6912468,PMC8009576,PMC8494768,PMC8495415,PMC9138109,PMC9312414,PMC9316217,PMC9629132,PMC9733329",,"PMC10517496,PMC11969861,PMC12024257,PMC6912468,PMC8009576,PMC8495415,PMC9138109,PMC9312414,PMC9629132",0,12,0,9,,0,0.16638517124984095,0.4470833333333334,0.7533333333333351,36.79842522915875,13.457946143519555
CACCACGCTCTTCTGCCTGC,GAGAGCACCTCCTCCGCCAG,"Gene (1) (1), TNF (3) (1), TNF- (1) (1)","IL-6-F (1) (1), NM_173966.3 (1) (1), TNF (1) (1), TNF- (6) (1)",0.004,0.87,5,9," PMC7415121, PMC7516711, PMC8889029, PMC8935846,PMC10714675"," PMC11969861, PMC12024257, PMC6912468, PMC8009576, PMC8495415, PMC9138109, PMC9312414, PMC9629132,PMC10517496",0.0,0.0,XR_009492627.1,XR_009492627.1,394.0,492.0,413.0,511.0,forward,reverse_complement,LOC100847561,LOC100847561,64.64,65.08,65.0,70.0,5,9,2,3,5,,,,,,,,,,,,,,,,,,,,,,"PMC10714675,PMC7415121,PMC7516711,PMC8889029,PMC8935846",,"PMC10517496,PMC11969861,PMC12024257,PMC6912468,PMC8009576,PMC8495415,PMC9138109,PMC9312414,PMC9629132",0,5,0,9,,0,0.13995550069037888,0.3958333333333333,0.853333333333334,35.93944170118563,12.336644383075019
CAAGTAACAAGCCGGTAGCCC,GCCACCACGCTCTTCTGCCT,"173 (2) (1), LBP (1) (1), TNF- (2) (1)","NM_001082263.1 (1) (1), Tnfa (1) (1)",17.0,0.004,8,9," PMC3871605, PMC4214727, PMC4744397, PMC5288341, PMC8988195, PMC9632208,PMC3374952"," PMC4141808, PMC4338227, PMC7500786,PMC10721148,PMC11773338,PMC7761388,PMC7876028,PMC8527011,PMC9621135",0.0,55.0,XR_009492627.1,XR_009492627.1,330.0,396.0,350.0,415.0,forward,reverse_complement,LOC100847561,LOC100847561,61.93,65.86,57.1,65.0,7,9,4,2,3,,,,,,,,,,,,,,,,,,,,,"PMC3871605,PMC4214727,PMC4744397,PMC5288341,PMC9632208","PMC3374952,PMC8988195","PMC10721148,PMC11773338,PMC4141808,PMC4338227,PMC7500786,PMC7761388,PMC7876028,PMC8527011,PMC9621135",,5,2,9,0,,0,0.36048943683455514,0.5802777777777778,0.0,35.43280517506109,11.706840039908862
CAAGTAACAAGCCGGTAGCCC,GCAGGCAGAAGAGCGTGGTG,"173 (2) (1), LBP (1) (1), TNF- (2) (1)","Gene (1) (1), TNF (3) (1), TNF- (1) (1)",17.0,0.004,8,5," PMC3871605, PMC4214727, PMC4744397, PMC5288341, PMC8988195, PMC9632208,PMC3374952"," PMC7415121, PMC7516711, PMC8889029, PMC8935846,PMC10714675",0.0,0.0,XR_009492627.1,XR_009492627.1,330.0,394.0,350.0,413.0,forward,reverse_complement,LOC100847561,LOC100847561,61.93,64.64,57.1,65.0,7,5,4,2,3,,,,,,,,,,,,,,,,,,,,,"PMC3871605,PMC4214727,PMC4744397,PMC5288341,PMC9632208","PMC3374952,PMC8988195","PMC10714675,PMC7415121,PMC7516711,PMC8889029,PMC8935846",,5,2,5,0,,0,0.3167403296798601,0.5802777777777778,0.09666666666666635,35.178683150659666,11.399664535336512
