f_sequence,r_sequence,f_author_gene_list,r_author_gene_list,f_evalue,r_evalue,f_Occurrence_Count,r_Occurrence_Count,f_pmcid_list,r_pmcid_list,f_Citation_Count,r_Citation_Count,f_gene1,r_gene1,f_start,r_start,f_end,r_end,f_orientation,r_orientation,f_gene,r_gene,f_Tm_C,r_Tm_C,f_GC_pct,r_GC_pct,f_pmcid_count,r_pmcid_count,f_self_comp,r_self_comp,pair_comp,f_cross_specificity_0,f_cross_specificity_0_seq,r_cross_specificity_0,r_cross_specificity_0_seq,f_cross_specificity_1,f_cross_specificity_1_seq,r_cross_specificity_1,r_cross_specificity_1_seq,f_cross_specificity_2,f_cross_specificity_2_seq,r_cross_specificity_2,r_cross_specificity_2_seq,f_cross_specificity_3,f_cross_specificity_3_seq,r_cross_specificity_3,r_cross_specificity_3_seq,f_cross_specificity_4,f_cross_specificity_4_seq,r_cross_specificity_4,r_cross_specificity_4_seq,f_reg_pmcid_list,f_inv_pmcid_list,r_reg_pmcid_list,r_inv_pmcid_list,f_reg_pmcid_count,f_inv_pmcid_count,r_reg_pmcid_count,r_inv_pmcid_count,pair_shared_pmcid_list,pair_shared_pmcid_count,evidence_score,biophysics_score,synergy_score,pickr_score,percentile
ACTCGGGAGCAGAAGTTTGA,GGTTCGGTGCCTACTTGGTG,"95 (1) (1), ABCB1 (2) (1), The (1) (1), mAbcb1b (1) (1)","Gene (1) (1), Mouse (1) (1)",0.87,3.5,5,3," PMC3829869, PMC3857069, PMC4383786, PMC8905733,PMC10849849"," PMC7142835, PMC7576297,PMC10049079",0.0,0.0,XM_036164873.1,XM_036164873.1,639.0,781.0,658.0,800.0,forward,reverse_complement,Abcb1b,Abcb1b,59.61,61.6,50.0,60.0,5,3,3,2,4,,,,,,,,,,,,,,,,,,,,,"PMC10849849,PMC3829869,PMC3857069,PMC4383786,PMC8905733",,PMC10049079,"PMC7142835,PMC7576297",5,0,1,2,,0,0.23651073765334232,0.8477777777777777,0.336666666666666,43.992203549333766,25.512117928937318
CACCAAGTAGGCACCGAACC,CCTGACTCACCACACCAATG,"Gene (1) (1), Mouse (1) (1)","ABC-B1 (1) (1), ABCB1 (2) (1), MDR (1) (1), MDR1 (1) (1), MDR1/ABCB1 (1) (1), Mdr1a (1) (1)",3.5,0.004,3,9," PMC7142835, PMC7576297,PMC10049079"," PMC5198960, PMC5788621, PMC6150343, PMC7533247, PMC7691501, PMC7898036, PMC8863983,PMC4971675,PMC9944334",0.0,8.0,XM_036164873.1,XM_030254200.2,781.0,996.0,800.0,1015.0,forward,reverse_complement,Abcb1b,Abcb1b,61.6,59.12,60.0,55.0,3,9,2,3,3,,,,,,,,,,,,,,,,,,,,,"PMC7142835,PMC7576297",PMC10049079,"PMC4971675,PMC5198960,PMC6150343,PMC7691501,PMC7898036,PMC8863983,PMC9944334","PMC5788621,PMC7533247",2,1,7,2,,0,0.2896423451307378,0.8205555555555555,0.173333333333332,42.56545058987019,22.752467238318623
