f_sequence,r_sequence,f_author_gene_list,r_author_gene_list,f_evalue,r_evalue,f_Occurrence_Count,r_Occurrence_Count,f_pmcid_list,r_pmcid_list,f_Citation_Count,r_Citation_Count,f_gene1,r_gene1,f_start,r_start,f_end,r_end,f_orientation,r_orientation,f_gene,r_gene,f_Tm_C,r_Tm_C,f_GC_pct,r_GC_pct,f_pmcid_count,r_pmcid_count,f_self_comp,r_self_comp,pair_comp,f_cross_specificity_0,f_cross_specificity_0_seq,r_cross_specificity_0,r_cross_specificity_0_seq,f_cross_specificity_1,f_cross_specificity_1_seq,r_cross_specificity_1,r_cross_specificity_1_seq,f_cross_specificity_2,f_cross_specificity_2_seq,r_cross_specificity_2,r_cross_specificity_2_seq,f_cross_specificity_3,f_cross_specificity_3_seq,r_cross_specificity_3,r_cross_specificity_3_seq,f_cross_specificity_4,f_cross_specificity_4_seq,r_cross_specificity_4,r_cross_specificity_4_seq,f_reg_pmcid_list,f_inv_pmcid_list,r_reg_pmcid_list,r_inv_pmcid_list,f_reg_pmcid_count,f_inv_pmcid_count,r_reg_pmcid_count,r_inv_pmcid_count,pair_shared_pmcid_list,pair_shared_pmcid_count,evidence_score,biophysics_score,synergy_score,pickr_score,percentile
AGTCCCAGCACCATGATTGA,TGTCAGGTCAGTGAAGCCAT,"MCT4 (1) (1), Monocarboxylic (1) (1)","BDNF (1) (1), Monocarboxylic (1) (1)",0.87,3.5,4,3," PMC4229183, PMC8481603,PMC11103502,PMC11612233"," PMC4229183, PMC8481603,PMC11612233",15.0,0.0,XM_011249322.4,XM_011249322.4,1662.0,1870.0,1681.0,1889.0,forward,reverse_complement,Slc16a3,Slc16a3,59.68,59.61,50.0,50.0,4,3,4,3,3,,,,,,,,,,,,,,,,,,,,,,"PMC11103502,PMC11612233,PMC4229183,PMC8481603","PMC11612233,PMC4229183,PMC8481603",,0,4,3,0,,0,0.17374251333859414,0.9605555555555554,0.9766666666666666,57.0371256669297,56.012269645706894
ATGGCTTCACTGACCTGACA,AGTTTGAGGTGCTCATGGCT,"BDNF (1) (1), Monocarboxylic (1) (1)","Gapdh (1) (1), MCT-4 (1) (1), Slc16a3 (1) (1)",3.5,3.5,3,3," PMC4229183, PMC8481603,PMC11612233"," PMC3691674, PMC5299506,PMC10453983",0.0,0.0,XM_011249322.4,XM_011249322.4,1870.0,1972.0,1889.0,1991.0,forward,reverse_complement,Slc16a3,Slc16a3,59.61,60.26,50.0,50.0,3,3,3,4,4,,,,,,,,,,,,,,,,,,,,,,"PMC11612233,PMC4229183,PMC8481603",,"PMC10453983,PMC3691674,PMC5299506",0,3,0,3,,0,0.0947743984250725,0.963888888888889,0.7833333333333338,49.322053254586976,37.15997678503662
GCCACCTCAACGCCTGCTA,TGTCGGGTACACCCATATCCTTA,"For (1) (1), Mct4 (1) (1), mct4 (1) (1)","Anti (1) (1), NKG2D (1) (1), Pfkfb2 (1) (1)",0.66,20.0,3,3," PMC6143925, PMC8089373,PMC5904546"," PMC6143925, PMC8089373,PMC5904546",0.0,0.0,XM_011249322.4,XM_011249322.4,1592.0,1715.0,1610.0,1737.0,forward,reverse_complement,Slc16a3,Slc16a3,63.26,61.06,63.2,47.8,3,3,2,4,3,,,,,,,,,,,,,,,,,,,,,"PMC5904546,PMC6143925,PMC8089373",,"PMC5904546,PMC6143925,PMC8089373",,3,0,3,0,"PMC5904546,PMC6143925,PMC8089373",3,0.45020141104093925,0.6927777777777776,0.26666666666666805,48.62673721871365,35.54007692560377
AATACTCAGGTCCGAGGCCG,TCACGGGTTTCTCCTACGC,Mct4 (1) (1),"Integrated (1) (1), MCT4 (7) (1), Mct4 (4) (1), Mouse (2) (1), Slc16a3 (7) (1), mSlc16a3-F (2) (1), mouse (2) (1), mus-Mct4 (1) (1)",3.5,2.6,5,34," PMC7301702, PMC7913939, PMC8187406, PMC8850360,PMC11504967"," PMC10751421, PMC10987662, PMC11773820, PMC11967864, PMC12047472, PMC3135370, PMC4642342, PMC5237262, PMC5523060, PMC5691891, PMC5833380, PMC5887987, PMC5916912, PMC6197193, PMC6787168, PMC7487779, PMC7946986, PMC8044459, PMC8070794, PMC8442918, PMC9290262, PMC9520598,PMC10568429,PMC11967864,PMC12047472,PMC5523060,PMC5916912,PMC6396018,PMC9891705",0.0,85.0,XM_011249322.4,XM_011249322.4,881.0,1036.0,900.0,1054.0,forward,reverse_complement,Slc16a3,Slc16a3,62.05,60.06,60.0,57.9,5,29,4,2,3,,,,,,,,,,,,,,,,,,,,,,"PMC11504967,PMC7301702,PMC7913939,PMC8187406,PMC8850360","PMC10568429,PMC10751421,PMC10987662,PMC11773820,PMC11967864,PMC12047472,PMC3135370,PMC4642342,PMC5237262,PMC5523060,PMC5691891,PMC5833380,PMC5887987,PMC5916912,PMC6197193,PMC6396018,PMC6787168,PMC7487779,PMC7946986,PMC8044459,PMC8070794,PMC8442918,PMC9290262,PMC9520598,PMC9891705",,0,5,25,0,,0,0.34028321489430324,0.7994444444444444,0.33666666666666833,47.73082741138186,33.491117214169066
TAAGGATATGGGTGTACCCGACA,AGTTTGAGGTGCTCATGGCT,"Anti (1) (1), NKG2D (1) (1), Pfkfb2 (1) (1)","Gapdh (1) (1), MCT-4 (1) (1), Slc16a3 (1) (1)",20.0,3.5,3,3," PMC6143925, PMC8089373,PMC5904546"," PMC3691674, PMC5299506,PMC10453983",0.0,0.0,XM_011249322.4,XM_011249322.4,1715.0,1972.0,1737.0,1991.0,forward,reverse_complement,Slc16a3,Slc16a3,61.06,60.26,47.8,50.0,3,3,4,4,3,,,,,,,,,,,,,,,,,,,,,,"PMC5904546,PMC6143925,PMC8089373",,"PMC10453983,PMC3691674,PMC5299506",0,3,0,3,,0,0.0947743984250725,0.9266666666666666,0.7333333333333318,47.20538658792026,32.311433246939394
AGTCCCAGCACCATGATTGA,TGTCGGGTACACCCATATCCTTA,"MCT4 (1) (1), Monocarboxylic (1) (1)","Anti (1) (1), NKG2D (1) (1), Pfkfb2 (1) (1)",0.87,20.0,4,3," PMC4229183, PMC8481603,PMC11103502,PMC11612233"," PMC6143925, PMC8089373,PMC5904546",15.0,0.0,XM_011249322.4,XM_011249322.4,1662.0,1715.0,1681.0,1737.0,forward,reverse_complement,Slc16a3,Slc16a3,59.68,61.06,50.0,47.8,4,3,4,4,3,,,,,,,,,,,,,,,,,,,,,,"PMC11103502,PMC11612233,PMC4229183,PMC8481603","PMC5904546,PMC6143925,PMC8089373",,0,4,3,0,,0,0.17374251333859414,0.9233333333333331,0.5399999999999991,47.18712566692968,32.27074454736908
TAAGGATATGGGTGTACCCGACA,TGTCAGGTCAGTGAAGCCAT,"Anti (1) (1), NKG2D (1) (1), Pfkfb2 (1) (1)","BDNF (1) (1), Monocarboxylic (1) (1)",20.0,3.5,3,3," PMC6143925, PMC8089373,PMC5904546"," PMC4229183, PMC8481603,PMC11612233",0.0,0.0,XM_011249322.4,XM_011249322.4,1715.0,1870.0,1737.0,1889.0,forward,reverse_complement,Slc16a3,Slc16a3,61.06,59.61,47.8,50.0,3,3,4,3,4,,,,,,,,,,,,,,,,,,,,,,"PMC5904546,PMC6143925,PMC8089373","PMC11612233,PMC4229183,PMC8481603",,0,3,3,0,,0,0.1661148779563243,0.9194444444444443,0.5166666666666657,46.22241056448286,30.152336330680907
AGTGCCATTGGTCTCGTG,GATGCAACCAAAGTTTACAAGTATG,"Mct4 (1) (1), Slc16a3 (1) (1), Slc16a3/Mct4 (1) (1), mMct4 (1) (1)","Slc16a3 (1) (1), Slc16a3/Mct4 (1) (1), mMct4 (1) (1)",0.44,0.44,4,3," PMC10987092, PMC5028732, PMC7949083,PMC10847776"," PMC10987092, PMC5028732,PMC10847776",0.0,0.0,XM_011249322.4,XM_011249322.4,2016.0,2091.0,2033.0,2115.0,forward,reverse_complement,Slc16a3,Slc16a3,57.94,58.09,55.6,36.0,4,3,3,4,5,,,,,,,,,,,,,,,,,,,,,"PMC10847776,PMC10987092,PMC5028732,PMC7949083",,,"PMC10847776,PMC10987092,PMC5028732",4,0,0,3,,0,0.18522576567051752,0.5127777777777778,0.9499999999999981,43.64462161685917,24.824086423599702
GCCACCTCAACGCCTGCTA,TCATCGACATCTTTGCCAGGCC,"For (1) (1), Mct4 (1) (1), mct4 (1) (1)","For (1) (1), GPR81 (1) (1), MCT4 (2) (1), SLC16A3 (2) (1)",0.66,1.3,3,8," PMC6143925, PMC8089373,PMC5904546"," PMC11734442, PMC5638914, PMC8868469, PMC9097945, PMC9767871, PMC9813126, PMC9820521,PMC10068934",0.0,0.0,XM_011249322.4,XM_011249322.4,1592.0,1771.0,1610.0,1792.0,forward,reverse_complement,Slc16a3,Slc16a3,63.26,63.87,63.2,54.5,3,8,2,4,5,,,,,,,,,,,,,,,,,,,,,"PMC5904546,PMC6143925,PMC8089373",,,"PMC10068934,PMC11734442,PMC5638914,PMC8868469,PMC9097945,PMC9767871,PMC9813126,PMC9820521",3,0,0,8,,0,0.19383461250986106,0.585,0.7966666666666669,43.17506395882639,23.910550102596467
AATACTCAGGTCCGAGGCCG,GGCTGTTTTATCATCACGGGTT,Mct4 (1) (1),"MCT4 (1) (1), Mct4 (1) (1), Slc16a3 (2) (1)",3.5,5.2,5,6," PMC7301702, PMC7913939, PMC8187406, PMC8850360,PMC11504967"," PMC12042614, PMC4079946, PMC8782354,PMC11983088,PMC4079946",0.0,35.0,XM_011249322.4,XM_011249322.4,881.0,1023.0,900.0,1044.0,forward,reverse_complement,Slc16a3,Slc16a3,62.05,59.91,60.0,45.5,5,5,4,2,3,,,,,,,,,,,,,,,,,,,,,,"PMC11504967,PMC7301702,PMC7913939,PMC8187406,PMC8850360","PMC11983088,PMC12042614,PMC4079946,PMC8782354",,0,5,4,0,,0,0.1990856329472859,0.8394444444444444,0.2866666666666665,40.870948314030954,19.704965919260175
GGCCTGGCAAAGATGTCGATGA,TGTCAGGTCAGTGAAGCCAT,"For (1) (1), GPR81 (1) (1), MCT4 (2) (1), SLC16A3 (2) (1)","BDNF (1) (1), Monocarboxylic (1) (1)",1.3,3.5,8,3," PMC11734442, PMC5638914, PMC8868469, PMC9097945, PMC9767871, PMC9813126, PMC9820521,PMC10068934"," PMC4229183, PMC8481603,PMC11612233",0.0,0.0,XM_011249322.4,XM_011249322.4,1771.0,1870.0,1792.0,1889.0,forward,reverse_complement,Slc16a3,Slc16a3,63.87,59.61,54.5,50.0,8,3,4,3,4,,,,,,,,,,,,,,,,,,,,,"PMC10068934,PMC11734442,PMC5638914,PMC8868469,PMC9097945,PMC9767871,PMC9813126,PMC9820521",,"PMC11612233,PMC4229183,PMC8481603",,8,0,3,0,,0,0.30690659735036036,0.8116666666666665,0.0,39.69532986751801,17.743581432196077
GCGTAGGAGAAACCCGTGA,TATCCAGATCTACCTCACCAC,"Integrated (1) (1), MCT4 (7) (1), Mct4 (4) (1), Mouse (2) (1), Slc16a3 (7) (1), mSlc16a3-F (2) (1), mouse (2) (1), mus-Mct4 (1) (1)","For (1) (1), MCT4 (5) (1), MCT4-F (1) (1), SLC16A3 (2) (1)",2.6,1.1,34,9," PMC10751421, PMC10987662, PMC11773820, PMC11967864, PMC12047472, PMC3135370, PMC4642342, PMC5237262, PMC5523060, PMC5691891, PMC5833380, PMC5887987, PMC5916912, PMC6197193, PMC6787168, PMC7487779, PMC7946986, PMC8044459, PMC8070794, PMC8442918, PMC9290262, PMC9520598,PMC10568429,PMC11967864,PMC12047472,PMC5523060,PMC5916912,PMC6396018,PMC9891705"," PMC10606527, PMC11734442, PMC5638914, PMC8868469, PMC9097945, PMC9767871, PMC9813126, PMC9820521,PMC10068934",85.0,0.0,XM_011249322.4,XM_011249322.4,1036.0,1277.0,1054.0,1297.0,forward,reverse_complement,Slc16a3,Slc16a3,60.06,56.34,57.9,47.6,29,9,2,6,4,,,,,,,,,,,,,,,,,,,,,,"PMC10568429,PMC10751421,PMC10987662,PMC11773820,PMC11967864,PMC12047472,PMC3135370,PMC4642342,PMC5237262,PMC5523060,PMC5691891,PMC5833380,PMC5887987,PMC5916912,PMC6197193,PMC6396018,PMC6787168,PMC7487779,PMC7946986,PMC8044459,PMC8070794,PMC8442918,PMC9290262,PMC9520598,PMC9891705","PMC10068934,PMC10606527,PMC11734442,PMC5638914,PMC8868469,PMC9097945,PMC9767871,PMC9813126,PMC9820521",,0,25,9,0,,0,0.30857274248491007,0.7883333333333331,0.0,39.078637124245496,16.765801742121432
ATGGCTTCACTGACCTGACA,GATGCAACCAAAGTTTACAAGTATG,"BDNF (1) (1), Monocarboxylic (1) (1)","Slc16a3 (1) (1), Slc16a3/Mct4 (1) (1), mMct4 (1) (1)",3.5,0.44,3,3," PMC4229183, PMC8481603,PMC11612233"," PMC10987092, PMC5028732,PMC10847776",0.0,0.0,XM_011249322.4,XM_011249322.4,1870.0,2091.0,1889.0,2115.0,forward,reverse_complement,Slc16a3,Slc16a3,59.61,58.09,50.0,36.0,3,3,3,4,3,,,,,,,,,,,,,,,,,,,,,,"PMC11612233,PMC4229183,PMC8481603",,"PMC10847776,PMC10987092,PMC5028732",0,3,0,3,,0,0.0947743984250725,0.7805555555555557,0.4933333333333346,38.022053254586986,15.172880098156627
AGCCATGAGCACCTCAAACT,GATGCAACCAAAGTTTACAAGTATG,"Gapdh (1) (1), MCT-4 (1) (1), Slc16a3 (1) (1)","Slc16a3 (1) (1), Slc16a3/Mct4 (1) (1), mMct4 (1) (1)",3.5,0.44,3,3," PMC3691674, PMC5299506,PMC10453983"," PMC10987092, PMC5028732,PMC10847776",0.0,0.0,XM_011249322.4,XM_011249322.4,1972.0,2091.0,1991.0,2115.0,forward,reverse_complement,Slc16a3,Slc16a3,60.26,58.09,50.0,36.0,3,3,4,4,5,,,,,,,,,,,,,,,,,,,,,"PMC10453983,PMC3691674,PMC5299506",,,"PMC10847776,PMC10987092,PMC5028732",3,0,0,3,,0,0.1661148779563243,0.7877777777777781,0.2766666666666685,37.47241056448293,14.385354770207604
AACCCGTGATGATAAAACAGCC,TATCCAGATCTACCTCACCAC,"MCT4 (1) (1), Mct4 (1) (1), Slc16a3 (2) (1)","For (1) (1), MCT4 (5) (1), MCT4-F (1) (1), SLC16A3 (2) (1)",5.2,1.1,6,9," PMC12042614, PMC4079946, PMC8782354,PMC11983088,PMC4079946"," PMC10606527, PMC11734442, PMC5638914, PMC8868469, PMC9097945, PMC9767871, PMC9813126, PMC9820521,PMC10068934",35.0,0.0,XM_011249322.4,XM_011249322.4,1023.0,1277.0,1044.0,1297.0,forward,reverse_complement,Slc16a3,Slc16a3,59.91,56.34,45.5,47.6,5,9,2,6,4,,,,,,,,,,,,,,,,,,,,,,"PMC11983088,PMC12042614,PMC4079946,PMC8782354","PMC10068934,PMC10606527,PMC11734442,PMC5638914,PMC8868469,PMC9097945,PMC9767871,PMC9813126,PMC9820521",,0,4,9,0,,0,0.25221724042468135,0.8283333333333331,0.0,37.460862021234064,14.369109372735284
GGCCTGGCAAAGATGTCGATGA,AGTTTGAGGTGCTCATGGCT,"For (1) (1), GPR81 (1) (1), MCT4 (2) (1), SLC16A3 (2) (1)","Gapdh (1) (1), MCT-4 (1) (1), Slc16a3 (1) (1)",1.3,3.5,8,3," PMC11734442, PMC5638914, PMC8868469, PMC9097945, PMC9767871, PMC9813126, PMC9820521,PMC10068934"," PMC3691674, PMC5299506,PMC10453983",0.0,0.0,XM_011249322.4,XM_011249322.4,1771.0,1972.0,1792.0,1991.0,forward,reverse_complement,Slc16a3,Slc16a3,63.87,60.26,54.5,50.0,8,3,4,4,4,,,,,,,,,,,,,,,,,,,,,"PMC10068934,PMC11734442,PMC5638914,PMC8868469,PMC9097945,PMC9767871,PMC9813126,PMC9820521",,,"PMC10453983,PMC3691674,PMC5299506",8,0,0,3,,0,0.23556611781910858,0.818888888888889,0.0,36.3449725576221,12.857588194216369
GCCACCTCAACGCCTGCTA,TCAATCATGGTGCTGGGACT,"For (1) (1), Mct4 (1) (1), mct4 (1) (1)","MCT4 (1) (1), Monocarboxylic (1) (1)",0.66,0.87,3,4," PMC6143925, PMC8089373,PMC5904546"," PMC4229183, PMC8481603,PMC11103502,PMC11612233",0.0,15.0,XM_011249322.4,XM_011249322.4,1592.0,1662.0,1610.0,1681.0,forward,reverse_complement,Slc16a3,Slc16a3,63.26,59.68,63.2,50.0,3,4,2,4,4,,,,,,,,,,,,,,,,,,,,,"PMC5904546,PMC6143925,PMC8089373",,"PMC11103502,PMC11612233,PMC4229183,PMC8481603",,3,0,4,0,,0,0.2565662452017693,0.7338888888888888,0.0,34.84497892675513,11.00507457909377
ATGGCTTCACTGACCTGACA,CACGAGACCAATGGCACT,"BDNF (1) (1), Monocarboxylic (1) (1)","Mct4 (1) (1), Slc16a3 (1) (1), Slc16a3/Mct4 (1) (1), mMct4 (1) (1)",3.5,0.44,3,4," PMC4229183, PMC8481603,PMC11612233"," PMC10987092, PMC5028732, PMC7949083,PMC10847776",0.0,0.0,XM_011249322.4,XM_011249322.4,1870.0,2016.0,1889.0,2033.0,forward,reverse_complement,Slc16a3,Slc16a3,59.61,57.94,50.0,55.6,3,4,3,3,3,,,,,,,,,,,,,,,,,,,,,,"PMC11612233,PMC4229183,PMC8481603",,"PMC10847776,PMC10987092,PMC5028732,PMC7949083",0,3,0,4,,0,0.10240203380734236,0.6888888888888887,0.4433333333333328,34.65343502370043,10.783058628899472
AGCCATGAGCACCTCAAACT,CACGAGACCAATGGCACT,"Gapdh (1) (1), MCT-4 (1) (1), Slc16a3 (1) (1)","Mct4 (1) (1), Slc16a3 (1) (1), Slc16a3/Mct4 (1) (1), mMct4 (1) (1)",3.5,0.44,3,4," PMC3691674, PMC5299506,PMC10453983"," PMC10987092, PMC5028732, PMC7949083,PMC10847776",0.0,0.0,XM_011249322.4,XM_011249322.4,1972.0,2016.0,1991.0,2033.0,forward,reverse_complement,Slc16a3,Slc16a3,60.26,57.94,50.0,55.6,3,4,4,3,5,,,,,,,,,,,,,,,,,,,,,"PMC10453983,PMC3691674,PMC5299506",,,"PMC10847776,PMC10987092,PMC5028732,PMC7949083",3,0,0,4,,0,0.17374251333859414,0.6961111111111111,0.22666666666666657,34.103792333596374,10.163928575606212
GCCACCTCAACGCCTGCTA,TGTCAGGTCAGTGAAGCCAT,"For (1) (1), Mct4 (1) (1), mct4 (1) (1)","BDNF (1) (1), Monocarboxylic (1) (1)",0.66,3.5,3,3," PMC6143925, PMC8089373,PMC5904546"," PMC4229183, PMC8481603,PMC11612233",0.0,0.0,XM_011249322.4,XM_011249322.4,1592.0,1870.0,1610.0,1889.0,forward,reverse_complement,Slc16a3,Slc16a3,63.26,59.61,63.2,50.0,3,3,2,3,4,,,,,,,,,,,,,,,,,,,,,"PMC5904546,PMC6143925,PMC8089373",,"PMC11612233,PMC4229183,PMC8481603",,3,0,3,0,,0,0.23745535748757607,0.73,0.0,33.77276787437881,9.80377137563489
AATACTCAGGTCCGAGGCCG,GTGTCGCTGTAGCCAATCCC,Mct4 (1) (1),Mct4 (1) (1),3.5,0.87,5,3," PMC7301702, PMC7913939, PMC8187406, PMC8850360,PMC11504967"," PMC12042614, PMC4079946,PMC11983088",0.0,0.0,XM_011249322.4,XM_011249322.4,881.0,1104.0,900.0,1123.0,forward,reverse_complement,Slc16a3,Slc16a3,62.05,61.74,60.0,60.0,5,3,4,3,3,,,,,,,,,,,Sytl3,....G........T......,,,,,,,,,,"PMC11504967,PMC7301702,PMC7913939,PMC8187406,PMC8850360","PMC11983088,PMC12042614,PMC4079946",,0,5,3,0,,0,0.17997474523309268,0.17652777777777778,0.8966666666666683,32.22790392832133,8.246068404208545
GCGTAGGAGAAACCCGTGA,GTGTGTGAACCGCTTTGGC,"Integrated (1) (1), MCT4 (7) (1), Mct4 (4) (1), Mouse (2) (1), Slc16a3 (7) (1), mSlc16a3-F (2) (1), mouse (2) (1), mus-Mct4 (1) (1)","Cldn4 (1) (1), Fabp1 (1) (1), GPI (1) (1), HK2 (1) (1), MCT4 (1) (1), Mct4 (2) (1), Slc16a3 (5) (1), TPI (1) (1), mSlc16a3-R (2) (1), mouse (2) (1), mus-Mct4 (1) (1)",2.6,2.6,34,33," PMC10751421, PMC10987662, PMC11773820, PMC11967864, PMC12047472, PMC3135370, PMC4642342, PMC5237262, PMC5523060, PMC5691891, PMC5833380, PMC5887987, PMC5916912, PMC6197193, PMC6787168, PMC7487779, PMC7946986, PMC8044459, PMC8070794, PMC8442918, PMC9290262, PMC9520598,PMC10568429,PMC11967864,PMC12047472,PMC5523060,PMC5916912,PMC6396018,PMC9891705"," PMC10751421, PMC10987662, PMC11773820, PMC11967864, PMC12047472, PMC3135370, PMC4642342, PMC5237262, PMC5523060, PMC5691891, PMC5833380, PMC5887987, PMC5916912, PMC6197193, PMC6787168, PMC7487779, PMC7946986, PMC8044459, PMC8070794, PMC8442918, PMC9290262, PMC9520598,PMC10375677,PMC12047472,PMC5523060,PMC5916912,PMC6396018,PMC9891705",85.0,81.0,XM_011249322.4,XM_011249322.4,1036.0,1184.0,1054.0,1202.0,forward,reverse_complement,Slc16a3,Slc16a3,60.06,60.93,57.9,57.9,29,28,2,2,3,,,,,,,,,,,H19,......A....T.......,,,,,,,,,,"PMC10568429,PMC10751421,PMC10987662,PMC11773820,PMC11967864,PMC12047472,PMC3135370,PMC4642342,PMC5237262,PMC5523060,PMC5691891,PMC5833380,PMC5887987,PMC5916912,PMC6197193,PMC6396018,PMC6787168,PMC7487779,PMC7946986,PMC8044459,PMC8070794,PMC8442918,PMC9290262,PMC9520598,PMC9891705",,"PMC10375677,PMC10751421,PMC10987662,PMC11773820,PMC11967864,PMC12047472,PMC3135370,PMC4642342,PMC5237262,PMC5523060,PMC5691891,PMC5833380,PMC5887987,PMC5916912,PMC6197193,PMC6396018,PMC6787168,PMC7487779,PMC7946986,PMC8044459,PMC8070794,PMC8442918,PMC9290262,PMC9520598,PMC9891705",0,25,0,25,,0,0.22274067331006966,0.21541666666666665,0.7100000000000009,31.7995336655035,7.849042909720974
AGTCCCAGCACCATGATTGA,TCATCGACATCTTTGCCAGGCC,"MCT4 (1) (1), Monocarboxylic (1) (1)","For (1) (1), GPR81 (1) (1), MCT4 (2) (1), SLC16A3 (2) (1)",0.87,1.3,4,8," PMC4229183, PMC8481603,PMC11103502,PMC11612233"," PMC11734442, PMC5638914, PMC8868469, PMC9097945, PMC9767871, PMC9813126, PMC9820521,PMC10068934",15.0,0.0,XM_011249322.4,XM_011249322.4,1662.0,1771.0,1681.0,1792.0,forward,reverse_complement,Slc16a3,Slc16a3,59.68,63.87,50.0,54.5,4,8,4,4,4,,,,,,,,,,,,,,,,,,,,,,"PMC11103502,PMC11612233,PMC4229183,PMC8481603",,"PMC10068934,PMC11734442,PMC5638914,PMC8868469,PMC9097945,PMC9767871,PMC9813126,PMC9820521",0,4,0,8,,0,0.13012176836087916,0.8155555555555555,0.0,30.972755084710624,7.1239755895284915
TAAGGATATGGGTGTACCCGACA,TCATCGACATCTTTGCCAGGCC,"Anti (1) (1), NKG2D (1) (1), Pfkfb2 (1) (1)","For (1) (1), GPR81 (1) (1), MCT4 (2) (1), SLC16A3 (2) (1)",20.0,1.3,3,8," PMC6143925, PMC8089373,PMC5904546"," PMC11734442, PMC5638914, PMC8868469, PMC9097945, PMC9767871, PMC9813126, PMC9820521,PMC10068934",0.0,0.0,XM_011249322.4,XM_011249322.4,1715.0,1771.0,1737.0,1792.0,forward,reverse_complement,Slc16a3,Slc16a3,61.06,63.87,47.8,54.5,3,8,4,4,3,,,,,,,,,,,,,,,,,,,,,,"PMC5904546,PMC6143925,PMC8089373",,"PMC10068934,PMC11734442,PMC5638914,PMC8868469,PMC9097945,PMC9767871,PMC9813126,PMC9820521",0,3,0,8,,0,0.1224941329786093,0.7744444444444443,0.0633333333333349,30.624706648930495,6.834587643313078
GCCAAAGCGGTTCACACAC,TATCCAGATCTACCTCACCAC,"Cldn4 (1) (1), Fabp1 (1) (1), GPI (1) (1), HK2 (1) (1), MCT4 (1) (1), Mct4 (2) (1), Slc16a3 (5) (1), TPI (1) (1), mSlc16a3-R (2) (1), mouse (2) (1), mus-Mct4 (1) (1)","For (1) (1), MCT4 (5) (1), MCT4-F (1) (1), SLC16A3 (2) (1)",2.6,1.1,33,9," PMC10751421, PMC10987662, PMC11773820, PMC11967864, PMC12047472, PMC3135370, PMC4642342, PMC5237262, PMC5523060, PMC5691891, PMC5833380, PMC5887987, PMC5916912, PMC6197193, PMC6787168, PMC7487779, PMC7946986, PMC8044459, PMC8070794, PMC8442918, PMC9290262, PMC9520598,PMC10375677,PMC12047472,PMC5523060,PMC5916912,PMC6396018,PMC9891705"," PMC10606527, PMC11734442, PMC5638914, PMC8868469, PMC9097945, PMC9767871, PMC9813126, PMC9820521,PMC10068934",81.0,0.0,XM_011249322.4,XM_011249322.4,1184.0,1277.0,1202.0,1297.0,forward,reverse_complement,Slc16a3,Slc16a3,60.93,56.34,57.9,47.6,28,9,2,6,3,,,,,,,,,H19,.......A....T......,,,,,,,,,,,"PMC10375677,PMC10751421,PMC10987662,PMC11773820,PMC11967864,PMC12047472,PMC3135370,PMC4642342,PMC5237262,PMC5523060,PMC5691891,PMC5833380,PMC5887987,PMC5916912,PMC6197193,PMC6396018,PMC6787168,PMC7487779,PMC7946986,PMC8044459,PMC8070794,PMC8442918,PMC9290262,PMC9520598,PMC9891705",,"PMC10068934,PMC10606527,PMC11734442,PMC5638914,PMC8868469,PMC9097945,PMC9767871,PMC9813126,PMC9820521",,25,0,9,0,,0,0.4762385542348738,0.185,0.0,29.36192771174369,5.860304701286986
GGCCTGGCAAAGATGTCGATGA,CACGAGACCAATGGCACT,"For (1) (1), GPR81 (1) (1), MCT4 (2) (1), SLC16A3 (2) (1)","Mct4 (1) (1), Slc16a3 (1) (1), Slc16a3/Mct4 (1) (1), mMct4 (1) (1)",1.3,0.44,8,4," PMC11734442, PMC5638914, PMC8868469, PMC9097945, PMC9767871, PMC9813126, PMC9820521,PMC10068934"," PMC10987092, PMC5028732, PMC7949083,PMC10847776",0.0,0.0,XM_011249322.4,XM_011249322.4,1771.0,2016.0,1792.0,2033.0,forward,reverse_complement,Slc16a3,Slc16a3,63.87,57.94,54.5,55.6,8,4,4,3,3,,,,,,,,,,,,,,,,,,,,,"PMC10068934,PMC11734442,PMC5638914,PMC8868469,PMC9097945,PMC9767871,PMC9813126,PMC9820521",,,"PMC10847776,PMC10987092,PMC5028732,PMC7949083",8,0,0,4,,0,0.24319375320137843,0.5438888888888888,0.0,28.47635432673559,5.244670796771891
AACCCGTGATGATAAAACAGCC,GTGTGTGAACCGCTTTGGC,"MCT4 (1) (1), Mct4 (1) (1), Slc16a3 (2) (1)","Cldn4 (1) (1), Fabp1 (1) (1), GPI (1) (1), HK2 (1) (1), MCT4 (1) (1), Mct4 (2) (1), Slc16a3 (5) (1), TPI (1) (1), mSlc16a3-R (2) (1), mouse (2) (1), mus-Mct4 (1) (1)",5.2,2.6,6,33," PMC12042614, PMC4079946, PMC8782354,PMC11983088,PMC4079946"," PMC10751421, PMC10987662, PMC11773820, PMC11967864, PMC12047472, PMC3135370, PMC4642342, PMC5237262, PMC5523060, PMC5691891, PMC5833380, PMC5887987, PMC5916912, PMC6197193, PMC6787168, PMC7487779, PMC7946986, PMC8044459, PMC8070794, PMC8442918, PMC9290262, PMC9520598,PMC10375677,PMC12047472,PMC5523060,PMC5916912,PMC6396018,PMC9891705",35.0,81.0,XM_011249322.4,XM_011249322.4,1023.0,1184.0,1044.0,1202.0,forward,reverse_complement,Slc16a3,Slc16a3,59.91,60.93,45.5,57.9,5,28,2,2,3,,,,,,,,,,,H19,......A....T.......,,,,,,,,,,"PMC11983088,PMC12042614,PMC4079946,PMC8782354",,"PMC10375677,PMC10751421,PMC10987662,PMC11773820,PMC11967864,PMC12047472,PMC3135370,PMC4642342,PMC5237262,PMC5523060,PMC5691891,PMC5833380,PMC5887987,PMC5916912,PMC6197193,PMC6396018,PMC6787168,PMC7487779,PMC7946986,PMC8044459,PMC8070794,PMC8442918,PMC9290262,PMC9520598,PMC9891705",0,4,0,25,,0,0.16638517124984095,0.22541666666666665,0.659999999999999,28.281758562492033,5.116526886447504
GCGTAGGAGAAACCCGTGA,GTGTCGCTGTAGCCAATCCC,"Integrated (1) (1), MCT4 (7) (1), Mct4 (4) (1), Mouse (2) (1), Slc16a3 (7) (1), mSlc16a3-F (2) (1), mouse (2) (1), mus-Mct4 (1) (1)",Mct4 (1) (1),2.6,0.87,34,3," PMC10751421, PMC10987662, PMC11773820, PMC11967864, PMC12047472, PMC3135370, PMC4642342, PMC5237262, PMC5523060, PMC5691891, PMC5833380, PMC5887987, PMC5916912, PMC6197193, PMC6787168, PMC7487779, PMC7946986, PMC8044459, PMC8070794, PMC8442918, PMC9290262, PMC9520598,PMC10568429,PMC11967864,PMC12047472,PMC5523060,PMC5916912,PMC6396018,PMC9891705"," PMC12042614, PMC4079946,PMC11983088",85.0,0.0,XM_011249322.4,XM_011249322.4,1036.0,1104.0,1054.0,1123.0,forward,reverse_complement,Slc16a3,Slc16a3,60.06,61.74,57.9,60.0,29,3,2,3,3,,,,,,,,,,,Sytl3,....G........T......,,,,,,,,,,"PMC10568429,PMC10751421,PMC10987662,PMC11773820,PMC11967864,PMC12047472,PMC3135370,PMC4642342,PMC5237262,PMC5523060,PMC5691891,PMC5833380,PMC5887987,PMC5916912,PMC6197193,PMC6396018,PMC6787168,PMC7487779,PMC7946986,PMC8044459,PMC8070794,PMC8442918,PMC9290262,PMC9520598,PMC9891705","PMC11983088,PMC12042614,PMC4079946",,0,25,3,0,,0,0.23009801539882285,0.2041666666666666,0.44000000000000006,26.42990076994114,4.017927052619395
GGGATTGGCTACAGCGACAC,GTGTGTGAACCGCTTTGGC,Mct4 (1) (1),"Cldn4 (1) (1), Fabp1 (1) (1), GPI (1) (1), HK2 (1) (1), MCT4 (1) (1), Mct4 (2) (1), Slc16a3 (5) (1), TPI (1) (1), mSlc16a3-R (2) (1), mouse (2) (1), mus-Mct4 (1) (1)",0.87,2.6,3,33," PMC12042614, PMC4079946,PMC11983088"," PMC10751421, PMC10987662, PMC11773820, PMC11967864, PMC12047472, PMC3135370, PMC4642342, PMC5237262, PMC5523060, PMC5691891, PMC5833380, PMC5887987, PMC5916912, PMC6197193, PMC6787168, PMC7487779, PMC7946986, PMC8044459, PMC8070794, PMC8442918, PMC9290262, PMC9520598,PMC10375677,PMC12047472,PMC5523060,PMC5916912,PMC6396018,PMC9891705",0.0,81.0,XM_011249322.4,XM_011249322.4,1104.0,1184.0,1123.0,1202.0,forward,reverse_complement,Slc16a3,Slc16a3,61.74,60.93,60.0,57.9,3,28,3,2,4,,,,,,,,,Sytl3,......A........C....,H19,......A....T.......,,,,,,,,,,"PMC11983088,PMC12042614,PMC4079946",,"PMC10375677,PMC10751421,PMC10987662,PMC11773820,PMC11967864,PMC12047472,PMC3135370,PMC4642342,PMC5237262,PMC5523060,PMC5691891,PMC5833380,PMC5887987,PMC5916912,PMC6197193,PMC6396018,PMC6787168,PMC7487779,PMC7946986,PMC8044459,PMC8070794,PMC8442918,PMC9290262,PMC9520598,PMC9891705",0,3,0,25,,0,0.15875753586757108,0.04802083333333333,0.7299999999999993,23.97850179337854,2.86656922917999
AACCCGTGATGATAAAACAGCC,GTGTCGCTGTAGCCAATCCC,"MCT4 (1) (1), Mct4 (1) (1), Slc16a3 (2) (1)",Mct4 (1) (1),5.2,0.87,6,3," PMC12042614, PMC4079946, PMC8782354,PMC11983088,PMC4079946"," PMC12042614, PMC4079946,PMC11983088",35.0,0.0,XM_011249322.4,XM_011249322.4,1023.0,1104.0,1044.0,1123.0,forward,reverse_complement,Slc16a3,Slc16a3,59.91,61.74,45.5,60.0,5,3,2,3,5,,,,,,,,,,,Sytl3,....G........T......,,,,,,,,,,"PMC11983088,PMC12042614,PMC4079946,PMC8782354","PMC11983088,PMC12042614,PMC4079946",,0,4,3,0,,0,0.17374251333859414,0.21416666666666662,0.38999999999999824,22.91212566692967,2.459337898800669
