f_sequence,r_sequence,f_author_gene_list,r_author_gene_list,f_evalue,r_evalue,f_Occurrence_Count,r_Occurrence_Count,f_pmcid_list,r_pmcid_list,f_Citation_Count,r_Citation_Count,f_gene1,r_gene1,f_start,r_start,f_end,r_end,f_orientation,r_orientation,f_gene,r_gene,f_Tm_C,r_Tm_C,f_GC_pct,r_GC_pct,f_pmcid_count,r_pmcid_count,f_self_comp,r_self_comp,pair_comp,f_cross_specificity_0,f_cross_specificity_0_seq,r_cross_specificity_0,r_cross_specificity_0_seq,f_cross_specificity_1,f_cross_specificity_1_seq,r_cross_specificity_1,r_cross_specificity_1_seq,f_cross_specificity_2,f_cross_specificity_2_seq,r_cross_specificity_2,r_cross_specificity_2_seq,f_cross_specificity_3,f_cross_specificity_3_seq,r_cross_specificity_3,r_cross_specificity_3_seq,f_cross_specificity_4,f_cross_specificity_4_seq,r_cross_specificity_4,r_cross_specificity_4_seq,f_reg_pmcid_list,f_inv_pmcid_list,r_reg_pmcid_list,r_inv_pmcid_list,f_reg_pmcid_count,f_inv_pmcid_count,r_reg_pmcid_count,r_inv_pmcid_count,pair_shared_pmcid_list,pair_shared_pmcid_count,evidence_score,biophysics_score,synergy_score,pickr_score,percentile
CAGGAACAGACGCGCTTTC,GTTGAGAATGGCGGCATCC,"BAFF (1) (1), Tnfsf13b (1) (1)","CXCL13 (1) (1), Tnfsf13b (1) (1)",40.0,40.0,4,4," PMC7163565, PMC7445028,PMC3344944,PMC7445028"," PMC7163565, PMC7445028,PMC3344944,PMC7445028",39.0,39.0,NR_189032.1,NR_189032.1,572.0,654.0,590.0,672.0,forward,reverse_complement,Tnfsf13b,Tnfsf13b,60.13,59.91,57.9,57.9,4,4,4,3,3,,,,,,,,,,,,,,,,,,,,,"PMC3344944,PMC7163565,PMC7445028",,"PMC3344944,PMC7163565,PMC7445028",,3,0,3,0,"PMC3344944,PMC7163565,PMC7445028",3,0.45020141104093925,0.9044444444444442,0.9266666666666646,68.17673721871358,80.03164642655587
TGCTATGGGTCATGTCATCCA,GGCAGTGTTTTGGGCATATTC,"BAFF (2) (1), Tnfsf13b (1) (1)","APRIL (1) (1), GAPDH (1) (1), REAGENT (1) (1)",17.0,1.1,3,3," PMC3899257, PMC8175640,PMC1323501"," PMC3899257, PMC9201018,PMC1323501",0.0,0.0,NR_189032.1,NR_189032.1,954.0,1038.0,974.0,1058.0,forward,reverse_complement,Tnfsf13b,Tnfsf13b,59.55,58.76,47.6,47.6,3,3,4,4,4,,,,,,,,,,,,,,,,,,,,,"PMC1323501,PMC3899257,PMC8175640",,"PMC1323501,PMC3899257,PMC9201018",,3,0,3,0,"PMC1323501,PMC3899257",2,0.4060526160168238,0.9061111111111109,0.736666666666667,62.219297467507864,68.18771899213205
AAGCTGAGAAGCCATGGAAC,TGCCTTGGAGGAGAAAGAGA,"Baff (1) (1), NM_001145645 (1) (1)","BAFF (4) (1), TNFsf13b (1) (1), Tnfsf13b (1) (1)",0.004,3.5,4,7," PMC4395254, PMC9301880,PMC4099420,PMC5591373"," PMC3726595, PMC4122346, PMC7232837, PMC7584607, PMC7929512,PMC10314084,PMC6981200",13.0,29.0,NR_189032.1,NR_189032.1,832.0,864.0,851.0,883.0,forward,reverse_complement,Tnfsf13b,Tnfsf13b,58.82,58.64,50.0,50.0,4,7,6,3,3,,,,,,,,,,,,,,,,,,,,,"PMC4099420,PMC4395254,PMC5591373",PMC9301880,"PMC10314084,PMC3726595,PMC4122346,PMC6981200,PMC7232837,PMC7584607,PMC7929512",,3,1,7,0,,0,0.3044468322417399,0.8588888888888888,0.9400000000000001,59.78900827875366,62.63109966419817
AAGCTGAGAAGCCATGGAAC,GGCAGTGTTTTGGGCATATTC,"Baff (1) (1), NM_001145645 (1) (1)","APRIL (1) (1), GAPDH (1) (1), REAGENT (1) (1)",0.004,1.1,4,3," PMC4395254, PMC9301880,PMC4099420,PMC5591373"," PMC3899257, PMC9201018,PMC1323501",13.0,0.0,NR_189032.1,NR_189032.1,832.0,1038.0,851.0,1058.0,forward,reverse_complement,Tnfsf13b,Tnfsf13b,58.82,58.76,50.0,47.6,4,3,6,4,3,,,,,,,,,,,,,,,,,,,,,"PMC4099420,PMC4395254,PMC5591373",PMC9301880,"PMC1323501,PMC3899257,PMC9201018",,3,1,3,0,,0,0.24508299286984592,0.8655555555555554,0.9799999999999992,57.82081631015894,57.92309771818179
CAAAAACAGAGGCACGGTGG,TCCAGCAGTTTCACAGCGAT,BAFF (4) (1),"B-Cell (1) (1), BAFF (1) (1), Baff (1) (1)",0.22,3.5,4,3," PMC4182720, PMC8418735, PMC9357614,PMC10557412"," PMC6770860, PMC9896074,PMC5098737",0.0,0.0,NR_189032.1,NR_189032.1,234.0,381.0,253.0,400.0,forward,reverse_complement,Tnfsf13b,Tnfsf13b,60.61,60.62,55.0,50.0,4,3,3,2,4,,,,,,,,,,,,,,,,,,,,,,"PMC10557412,PMC4182720,PMC8418735,PMC9357614","PMC5098737,PMC6770860,PMC9896074",,0,4,3,0,,0,0.17374251333859414,0.9316666666666669,0.9966666666666674,56.57045900026305,54.86743473046693
TGCTATGGGTCATGTCATCCA,CAGGAATTGTTGGGCAGTGT,"BAFF (2) (1), Tnfsf13b (1) (1)","BAFF (1) (1), Tnfsf13b (1) (1), mouse (1) (1)",17.0,3.5,3,3," PMC3899257, PMC8175640,PMC1323501"," PMC9181301, PMC9213183,PMC4986521",0.0,0.0,NR_189032.1,NR_189032.1,954.0,1051.0,974.0,1070.0,forward,reverse_complement,Tnfsf13b,Tnfsf13b,59.55,59.33,47.6,50.0,3,3,4,4,3,,,,,,,,,,,,,,,,,,,,,"PMC1323501,PMC3899257,PMC8175640",,,"PMC4986521,PMC9181301,PMC9213183",3,0,0,3,,0,0.1661148779563243,0.9377777777777776,0.9266666666666671,54.972410564482885,50.92214207728455
CAGGAACAGACGCGCTTTC,TTCGTATAGTCGGCGTGTCG,"BAFF (1) (1), Tnfsf13b (1) (1)",BAFF (1) (1),40.0,14.0,4,3," PMC7163565, PMC7445028,PMC3344944,PMC7445028"," PMC6717357, PMC7223721,PMC11397466",39.0,0.0,NR_189032.1,NR_189032.1,572.0,737.0,590.0,756.0,forward,reverse_complement,Tnfsf13b,Tnfsf13b,60.13,60.6,57.9,55.0,4,3,4,4,4,,,,,,,,,,,,,,,,,,,,,"PMC3344944,PMC7163565,PMC7445028",,PMC6717357,"PMC11397466,PMC7223721",3,0,1,2,,0,0.20178511772195018,0.9177777777777776,0.8433333333333337,54.48925588609751,49.725759395509215
ATCGCTGTGAAACTGCTGGA,CCGGTGTCAGGAGTTTGACT,"B-Cell (1) (1), BAFF (1) (1), Baff (1) (1)",Mouse (1) (1),3.5,0.87,3,3," PMC6770860, PMC9896074,PMC5098737"," PMC6770860, PMC8183380,PMC5806351",0.0,0.0,NR_189032.1,NR_189032.1,381.0,518.0,400.0,537.0,forward,reverse_complement,Tnfsf13b,Tnfsf13b,60.62,60.26,50.0,55.0,3,3,2,4,5,,,,,,,,,,,,,,,,,,,,,,"PMC5098737,PMC6770860,PMC9896074","PMC5806351,PMC6770860,PMC8183380",,0,3,3,0,,0,0.1661148779563243,0.9511111111111115,0.8800000000000002,54.439077231149554,49.601503235499514
TCTCTTTCTCCTCCAAGGCA,GGCAGTGTTTTGGGCATATTC,"BAFF (4) (1), TNFsf13b (1) (1), Tnfsf13b (1) (1)","APRIL (1) (1), GAPDH (1) (1), REAGENT (1) (1)",3.5,1.1,7,3," PMC3726595, PMC4122346, PMC7232837, PMC7584607, PMC7929512,PMC10314084,PMC6981200"," PMC3899257, PMC9201018,PMC1323501",29.0,0.0,NR_189032.1,NR_189032.1,864.0,1038.0,883.0,1058.0,forward,reverse_complement,Tnfsf13b,Tnfsf13b,58.64,58.76,50.0,47.6,7,3,3,4,4,,,,,,,,,,,,,,,,,,,,,,"PMC10314084,PMC3726595,PMC4122346,PMC6981200,PMC7232837,PMC7584607,PMC7929512","PMC1323501,PMC3899257,PMC9201018",,0,7,3,0,,0,0.1898084775625924,0.8555555555555554,0.9600000000000009,54.35709054479629,49.39849050198978
AGTCAAACTCCTGACACCGG,GTTGAGAATGGCGGCATCC,Mouse (1) (1),"CXCL13 (1) (1), Tnfsf13b (1) (1)",0.87,40.0,3,4," PMC6770860, PMC8183380,PMC5806351"," PMC7163565, PMC7445028,PMC3344944,PMC7445028",0.0,39.0,NR_189032.1,NR_189032.1,518.0,654.0,537.0,672.0,forward,reverse_complement,Tnfsf13b,Tnfsf13b,60.26,59.91,55.0,57.9,3,4,4,3,4,,,,,,,,,,,,,,,,,,,,,,"PMC5806351,PMC6770860,PMC8183380","PMC3344944,PMC7163565,PMC7445028",,0,3,3,0,,0,0.1661148779563243,0.9388888888888889,0.8833333333333329,54.13907723114954,48.858743039276284
AAAGCTGAGAAGCCATGGAA,GGAATTGTTGGGCAGTGTTT,"BAFF (3) (1), Mouse (1) (1), TNFSF13b (1) (1)","APRIL (1) (1), BAFF (2) (1), Mouse (1) (1)",0.004,3.5,6,6," PMC2908288, PMC6514375, PMC6556285, PMC6829322, PMC7545844,PMC1952536"," PMC3726595, PMC4364338, PMC7545844, PMC7929512,PMC1952536,PMC6981200",0.0,29.0,NR_189032.1,NR_189032.1,833.0,1049.0,852.0,1068.0,forward,reverse_complement,Tnfsf13b,Tnfsf13b,58.07,57.75,45.0,45.0,6,6,6,4,3,,,,,,,,,,,,,,,,,,,,,PMC6514375,"PMC1952536,PMC2908288,PMC6556285,PMC6829322,PMC7545844","PMC1952536,PMC3726595,PMC6981200,PMC7545844,PMC7929512",PMC4364338,1,5,5,1,,0,0.26090915890333927,0.7677777777777779,0.8933333333333332,53.945457945166964,48.379561294657414
AGTCAAACTCCTGACACCGG,TTCGTATAGTCGGCGTGTCG,Mouse (1) (1),BAFF (1) (1),0.87,14.0,3,3," PMC6770860, PMC8183380,PMC5806351"," PMC6717357, PMC7223721,PMC11397466",0.0,0.0,NR_189032.1,NR_189032.1,518.0,737.0,537.0,756.0,forward,reverse_complement,Tnfsf13b,Tnfsf13b,60.26,60.6,55.0,55.0,3,3,4,4,5,,,,,,,,,,,,,,,,,,,,,,"PMC5806351,PMC6770860,PMC8183380",PMC6717357,"PMC11397466,PMC7223721",0,3,1,2,,0,0.1304446381906984,0.9522222222222223,0.8866666666666655,52.8222319095349,45.60651742243491
AAGCTGAGAAGCCATGGAAC,CAGGAATTGTTGGGCAGTGT,"Baff (1) (1), NM_001145645 (1) (1)","BAFF (1) (1), Tnfsf13b (1) (1), mouse (1) (1)",0.004,3.5,4,3," PMC4395254, PMC9301880,PMC4099420,PMC5591373"," PMC9181301, PMC9213183,PMC4986521",13.0,0.0,NR_189032.1,NR_189032.1,832.0,1051.0,851.0,1070.0,forward,reverse_complement,Tnfsf13b,Tnfsf13b,58.82,59.33,50.0,50.0,4,3,6,4,3,,,,,,,,,,,,,,,,,,,,,"PMC4099420,PMC4395254,PMC5591373",PMC9301880,,"PMC4986521,PMC9181301,PMC9213183",3,1,0,3,,0,0.17374251333859414,0.8972222222222221,0.8300000000000006,52.203792333596375,44.08792449569023
AGTCAAACTCCTGACACCGG,GAAAGCGCGTCTGTTCCTG,Mouse (1) (1),"BAFF (1) (1), Tnfsf13b (1) (1)",0.87,40.0,3,4," PMC6770860, PMC8183380,PMC5806351"," PMC7163565, PMC7445028,PMC3344944,PMC7445028",0.0,39.0,NR_189032.1,NR_189032.1,518.0,572.0,537.0,590.0,forward,reverse_complement,Tnfsf13b,Tnfsf13b,60.26,60.13,55.0,57.9,3,4,4,4,3,,,,,,,,,,,,,,,,,,,,,,"PMC5806351,PMC6770860,PMC8183380",,"PMC3344944,PMC7163565,PMC7445028",0,3,0,3,,0,0.0947743984250725,0.9366666666666666,0.9566666666666682,51.97205325458699,43.5209934942657
AAGCTGAGAAGCCATGGAAC,GGAATTGTTGGGCAGTGTTT,"Baff (1) (1), NM_001145645 (1) (1)","APRIL (1) (1), BAFF (2) (1), Mouse (1) (1)",0.004,3.5,4,6," PMC4395254, PMC9301880,PMC4099420,PMC5591373"," PMC3726595, PMC4364338, PMC7545844, PMC7929512,PMC1952536,PMC6981200",13.0,29.0,NR_189032.1,NR_189032.1,832.0,1049.0,851.0,1068.0,forward,reverse_complement,Tnfsf13b,Tnfsf13b,58.82,57.75,50.0,45.0,4,6,6,4,3,,,,,,,,,,,,,,,,,,,,,"PMC4099420,PMC4395254,PMC5591373",PMC9301880,"PMC1952536,PMC3726595,PMC6981200,PMC7545844,PMC7929512",PMC4364338,3,1,5,1,,0,0.2850778897878523,0.8094444444444444,0.6433333333333333,51.40389448939262,42.13689357681057
AAAGCTGAGAAGCCATGGAA,GGCAGTGTTTTGGGCATATTC,"BAFF (3) (1), Mouse (1) (1), TNFSF13b (1) (1)","APRIL (1) (1), GAPDH (1) (1), REAGENT (1) (1)",0.004,1.1,6,3," PMC2908288, PMC6514375, PMC6556285, PMC6829322, PMC7545844,PMC1952536"," PMC3899257, PMC9201018,PMC1323501",0.0,0.0,NR_189032.1,NR_189032.1,833.0,1038.0,852.0,1058.0,forward,reverse_complement,Tnfsf13b,Tnfsf13b,58.07,58.76,45.0,47.6,6,3,6,4,3,,,,,,,,,,,,,,,,,,,,,PMC6514375,"PMC1952536,PMC2908288,PMC6556285,PMC6829322,PMC7545844","PMC1323501,PMC3899257,PMC9201018",,1,5,3,0,,0,0.22091426198533282,0.8238888888888889,0.7700000000000008,51.162379765933316,41.5513632958456
ATCGCTGTGAAACTGCTGGA,GTTGAGAATGGCGGCATCC,"B-Cell (1) (1), BAFF (1) (1), Baff (1) (1)","CXCL13 (1) (1), Tnfsf13b (1) (1)",3.5,40.0,3,4," PMC6770860, PMC9896074,PMC5098737"," PMC7163565, PMC7445028,PMC3344944,PMC7445028",0.0,39.0,NR_189032.1,NR_189032.1,381.0,654.0,400.0,672.0,forward,reverse_complement,Tnfsf13b,Tnfsf13b,60.62,59.91,50.0,57.9,3,4,2,3,3,,,,,,,,,,,,,,,,,,,,,,"PMC5098737,PMC6770860,PMC9896074","PMC3344944,PMC7163565,PMC7445028",,0,3,3,0,,0,0.1661148779563243,0.9188888888888889,0.7633333333333331,51.13907723114954,41.494965362806305
AAGCTGAGAAGCCATGGAAC,TGGATGACATGACCCATAGCA,"Baff (1) (1), NM_001145645 (1) (1)","BAFF (2) (1), Tnfsf13b (1) (1)",0.004,17.0,4,3," PMC4395254, PMC9301880,PMC4099420,PMC5591373"," PMC3899257, PMC8175640,PMC1323501",13.0,0.0,NR_189032.1,NR_189032.1,832.0,954.0,851.0,974.0,forward,reverse_complement,Tnfsf13b,Tnfsf13b,58.82,59.55,50.0,47.6,4,3,6,4,4,,,,,,,,,,,,,,,,,,,,,"PMC4099420,PMC4395254,PMC5591373",PMC9301880,,"PMC1323501,PMC3899257,PMC8175640",3,1,0,3,,0,0.17374251333859414,0.9094444444444443,0.7566666666666677,51.10379233359639,41.40960052141226
ACACTGCCCAACAATTCCTG,TCGTCTCCGTTGCGTGAAATC,"BAFF (1) (1), Tnfsf13b (1) (1), mouse (1) (1)","BAFF (1) (1), Tnfsf13b (1) (1), mouse (1) (1)",3.5,17.0,3,3," PMC9181301, PMC9213183,PMC4986521"," PMC9181301, PMC9213183,PMC4986521",0.0,0.0,NR_189032.1,NR_189032.1,1051.0,1143.0,1070.0,1163.0,forward,reverse_complement,Tnfsf13b,Tnfsf13b,59.33,61.9,50.0,52.4,3,3,4,2,4,,,,,,,,,,,,,,,,,,,,,"PMC4986521,PMC9181301,PMC9213183",,"PMC4986521,PMC9181301,PMC9213183",,3,0,3,0,"PMC4986521,PMC9181301,PMC9213183",3,0.45020141104093925,0.8572222222222222,0.1433333333333332,51.0934038853803,41.38447543497893
AAAGCTGAGAAGCCATGGAA,GGCAGTGTTTTGGGCATATT,"BAFF (3) (1), Mouse (1) (1), TNFSF13b (1) (1)",Defa29 (1) (1),0.004,3.5,6,3," PMC2908288, PMC6514375, PMC6556285, PMC6829322, PMC7545844,PMC1952536"," PMC4122346, PMC7584607,PMC10314084",0.0,0.0,NR_189032.1,NR_189032.1,833.0,1039.0,852.0,1058.0,forward,reverse_complement,Tnfsf13b,Tnfsf13b,58.07,57.6,45.0,45.0,6,3,6,4,3,,,,,,,,,,,,,,,,,,,,,PMC6514375,"PMC1952536,PMC2908288,PMC6556285,PMC6829322,PMC7545844","PMC10314084,PMC4122346,PMC7584607",,1,5,3,0,,0,0.22091426198533282,0.7594444444444446,0.8433333333333337,50.69571309926665,40.42538039679832
TCTCTTTCTCCTCCAAGGCA,GGAATTGTTGGGCAGTGTTT,"BAFF (4) (1), TNFsf13b (1) (1), Tnfsf13b (1) (1)","APRIL (1) (1), BAFF (2) (1), Mouse (1) (1)",3.5,3.5,7,6," PMC3726595, PMC4122346, PMC7232837, PMC7584607, PMC7929512,PMC10314084,PMC6981200"," PMC3726595, PMC4364338, PMC7545844, PMC7929512,PMC1952536,PMC6981200",29.0,29.0,NR_189032.1,NR_189032.1,864.0,1049.0,883.0,1068.0,forward,reverse_complement,Tnfsf13b,Tnfsf13b,58.64,57.75,50.0,45.0,7,6,3,4,4,,,,,,,,,,,,,,,,,,,,,,"PMC10314084,PMC3726595,PMC4122346,PMC6981200,PMC7232837,PMC7584607,PMC7929512","PMC1952536,PMC3726595,PMC6981200,PMC7545844,PMC7929512",PMC4364338,0,7,5,1,,0,0.22980337448059882,0.7994444444444444,0.7033333333333331,49.54016872402993,37.67300812308051
GGATGCCGCCATTCTCAAC,TTCGTATAGTCGGCGTGTCG,"CXCL13 (1) (1), Tnfsf13b (1) (1)",BAFF (1) (1),40.0,14.0,4,3," PMC7163565, PMC7445028,PMC3344944,PMC7445028"," PMC6717357, PMC7223721,PMC11397466",39.0,0.0,NR_189032.1,NR_189032.1,654.0,737.0,672.0,756.0,forward,reverse_complement,Tnfsf13b,Tnfsf13b,59.91,60.6,57.9,55.0,4,3,3,4,4,,,,,,,,,,,,,,,,,,,,,,"PMC3344944,PMC7163565,PMC7445028",PMC6717357,"PMC11397466,PMC7223721",0,3,1,2,,0,0.1304446381906984,0.9199999999999997,0.7699999999999984,49.52223190953488,37.63073512617104
GGATGCCGCCATTCTCAAC,TGCCTTGGAGGAGAAAGAGA,"CXCL13 (1) (1), Tnfsf13b (1) (1)","BAFF (4) (1), TNFsf13b (1) (1), Tnfsf13b (1) (1)",40.0,3.5,4,7," PMC7163565, PMC7445028,PMC3344944,PMC7445028"," PMC3726595, PMC4122346, PMC7232837, PMC7584607, PMC7929512,PMC10314084,PMC6981200",39.0,29.0,NR_189032.1,NR_189032.1,654.0,864.0,672.0,883.0,forward,reverse_complement,Tnfsf13b,Tnfsf13b,59.91,58.64,57.9,50.0,4,7,3,3,5,,,,,,,,,,,,,,,,,,,,,,"PMC3344944,PMC7163565,PMC7445028","PMC10314084,PMC3726595,PMC4122346,PMC6981200,PMC7232837,PMC7584607,PMC7929512",,0,3,7,0,,0,0.22547871732821828,0.8777777777777775,0.576666666666668,49.140602533077605,36.734911493874314
ATCGCTGTGAAACTGCTGGA,GAAAGCGCGTCTGTTCCTG,"B-Cell (1) (1), BAFF (1) (1), Baff (1) (1)","BAFF (1) (1), Tnfsf13b (1) (1)",3.5,40.0,3,4," PMC6770860, PMC9896074,PMC5098737"," PMC7163565, PMC7445028,PMC3344944,PMC7445028",0.0,39.0,NR_189032.1,NR_189032.1,381.0,572.0,400.0,590.0,forward,reverse_complement,Tnfsf13b,Tnfsf13b,60.62,60.13,50.0,57.9,3,4,2,4,4,,,,,,,,,,,,,,,,,,,,,,"PMC5098737,PMC6770860,PMC9896074",,"PMC3344944,PMC7163565,PMC7445028",0,3,0,3,,0,0.0947743984250725,0.9166666666666667,0.8366666666666683,48.972053254586996,36.341518747313096
CGACACGCCGACTATACGAA,TGGATGACATGACCCATAGCA,BAFF (1) (1),"BAFF (2) (1), Tnfsf13b (1) (1)",14.0,17.0,3,3," PMC6717357, PMC7223721,PMC11397466"," PMC3899257, PMC8175640,PMC1323501",0.0,0.0,NR_189032.1,NR_189032.1,737.0,954.0,756.0,974.0,forward,reverse_complement,Tnfsf13b,Tnfsf13b,60.6,59.55,55.0,47.6,3,3,4,4,4,,,,,,,,,,,,,,,,,,,,,"PMC11397466,PMC7223721",PMC6717357,,"PMC1323501,PMC3899257,PMC8175640",2,1,0,3,,0,0.15131039084532213,0.9416666666666664,0.6499999999999986,48.815519542266074,35.977454825439494
CAGGAACAGACGCGCTTTC,GTTCCATGGCTTCTCAGCTT,"BAFF (1) (1), Tnfsf13b (1) (1)","Baff (1) (1), NM_001145645 (1) (1)",40.0,0.004,4,4," PMC7163565, PMC7445028,PMC3344944,PMC7445028"," PMC4395254, PMC9301880,PMC4099420,PMC5591373",39.0,13.0,NR_189032.1,NR_189032.1,572.0,832.0,590.0,851.0,forward,reverse_complement,Tnfsf13b,Tnfsf13b,60.13,58.82,57.9,50.0,4,4,4,6,5,,,,,,,,,,,,,,,,,,,,,"PMC3344944,PMC7163565,PMC7445028",,PMC9301880,"PMC4099420,PMC4395254,PMC5591373",3,0,1,3,,0,0.20941275310422003,0.8855555555555554,0.5633333333333326,48.303970988544314,34.79670079683622
AAGCTGAGAAGCCATGGAAC,GGCAGTGTTTTGGGCATATT,"Baff (1) (1), NM_001145645 (1) (1)",Defa29 (1) (1),0.004,3.5,4,3," PMC4395254, PMC9301880,PMC4099420,PMC5591373"," PMC4122346, PMC7584607,PMC10314084",13.0,0.0,NR_189032.1,NR_189032.1,832.0,1039.0,851.0,1058.0,forward,reverse_complement,Tnfsf13b,Tnfsf13b,58.82,57.6,50.0,45.0,4,3,6,4,3,,,,,,,,,,,,,,,,,,,,,"PMC4099420,PMC4395254,PMC5591373",PMC9301880,"PMC10314084,PMC4122346,PMC7584607",,3,1,3,0,,0,0.24508299286984592,0.8011111111111111,0.5933333333333337,48.1541496434923,34.45359607238825
TCTCTTTCTCCTCCAAGGCA,CAGGAATTGTTGGGCAGTGT,"BAFF (4) (1), TNFsf13b (1) (1), Tnfsf13b (1) (1)","BAFF (1) (1), Tnfsf13b (1) (1), mouse (1) (1)",3.5,3.5,7,3," PMC3726595, PMC4122346, PMC7232837, PMC7584607, PMC7929512,PMC10314084,PMC6981200"," PMC9181301, PMC9213183,PMC4986521",29.0,0.0,NR_189032.1,NR_189032.1,864.0,1051.0,883.0,1070.0,forward,reverse_complement,Tnfsf13b,Tnfsf13b,58.64,59.33,50.0,50.0,7,3,3,4,4,,,,,,,,,,,,,,,,,,,,,,"PMC10314084,PMC3726595,PMC4122346,PMC6981200,PMC7232837,PMC7584607,PMC7929512",,"PMC4986521,PMC9181301,PMC9213183",0,7,0,3,,0,0.1184679980313406,0.8872222222222221,0.7700000000000008,47.94006656823371,33.965543610682545
CGACACGCCGACTATACGAA,TGCCTTGGAGGAGAAAGAGA,BAFF (1) (1),"BAFF (4) (1), TNFsf13b (1) (1), Tnfsf13b (1) (1)",14.0,3.5,3,7," PMC6717357, PMC7223721,PMC11397466"," PMC3726595, PMC4122346, PMC7232837, PMC7584607, PMC7929512,PMC10314084,PMC6981200",0.0,29.0,NR_189032.1,NR_189032.1,737.0,864.0,756.0,883.0,forward,reverse_complement,Tnfsf13b,Tnfsf13b,60.6,58.64,55.0,50.0,3,7,4,3,2,,,,,,,,,,,,,,,,,,,,,"PMC11397466,PMC7223721",PMC6717357,"PMC10314084,PMC3726595,PMC4122346,PMC6981200,PMC7232837,PMC7584607,PMC7929512",,2,1,7,0,,0,0.28201470974846793,0.891111111111111,0.34666666666666635,47.76740215409004,33.573859233565564
TGCTATGGGTCATGTCATCCA,GGAATTGTTGGGCAGTGTTT,"BAFF (2) (1), Tnfsf13b (1) (1)","APRIL (1) (1), BAFF (2) (1), Mouse (1) (1)",17.0,3.5,3,6," PMC3899257, PMC8175640,PMC1323501"," PMC3726595, PMC4364338, PMC7545844, PMC7929512,PMC1952536,PMC6981200",0.0,29.0,NR_189032.1,NR_189032.1,954.0,1049.0,974.0,1068.0,forward,reverse_complement,Tnfsf13b,Tnfsf13b,59.55,57.75,47.6,45.0,3,6,4,4,3,,,,,,,,,,,,,,,,,,,,,"PMC1323501,PMC3899257,PMC8175640",,"PMC1952536,PMC3726595,PMC6981200,PMC7545844,PMC7929512",PMC4364338,3,0,5,1,,0,0.27745025440558246,0.8499999999999999,0.4000000000000009,47.37251272027913,32.68479960239822
