f_sequence,r_sequence,f_gene,r_gene,f_author_gene_list,r_author_gene_list,f_evalue,r_evalue,f_Occurrence_Count,r_Occurrence_Count,f_pmcid_list,r_pmcid_list,f_Tm_C,r_Tm_C,f_GC_pct,r_GC_pct,f_total_citations,r_total_citations,f_pmcid_count,r_pmcid_count,f_match_start,r_match_start,f_match_end,r_match_end,f_orientation,r_orientation,f_self_comp,r_self_comp,pair_comp,f_reg_pmcid_list,f_inv_pmcid_list,r_reg_pmcid_list,r_inv_pmcid_list,pair_shared_pmcid_count,f_reg_pmcid_count,r_reg_pmcid_count,f_inv_pmcid_count,r_inv_pmcid_count,pair_shared_pmcid_list,f_cross_specificity_0,r_cross_specificity_0,f_cross_specificity_0_seq,r_cross_specificity_0_seq,f_cross_specificity_1,r_cross_specificity_1,f_cross_specificity_1_seq,r_cross_specificity_1_seq,f_cross_specificity_2,r_cross_specificity_2,f_cross_specificity_2_seq,r_cross_specificity_2_seq,f_cross_specificity_3,r_cross_specificity_3,f_cross_specificity_3_seq,r_cross_specificity_3_seq,f_cross_specificity_4,r_cross_specificity_4,f_cross_specificity_4_seq,r_cross_specificity_4_seq,evidence_score,biophysics_score,synergy_score,pickr_score
AACGTACCGGCCACTATCAC,AAGACAGAGGTGTTGGCAGTG,CYP1B1,CYP1B1,"CYP1B1 (10), CYP1 (1), Cyp1B1 (1), Fwd- (1)","CYP1B1 (6), Cyp1b1 (1), The (1)",0.004,0.001,14,8,"PMC10108886, PMC10177790, PMC10692357, PMC3835935, PMC4223525, PMC4657954, PMC5381383, PMC6055626, PMC6321474, PMC8195432, PMC8382200, PMC8700497, PMC8929146, PMC9513375","PMC3963982, PMC4292762, PMC4397486, PMC5595834, PMC6017867, PMC8155206, PMC8531384",60.47,61.14,55.0,52.4,96,167,14,7,1328.0,1582.0,1347.0,1602.0,forward,reverse_complement,4,3,4,"PMC10108886,PMC10177790,PMC10692357,PMC3835935,PMC4223525,PMC4657954,PMC5381383,PMC6055626,PMC6321474,PMC8195432,PMC8382200,PMC8929146,PMC9513375",PMC8700497,,"PMC3963982,PMC4292762,PMC4397486,PMC5595834,PMC6017867,PMC8155206,PMC8531384",0,13,0,1,7,,,,,,,,,,,,,,,,,,,,,,0.3354854721771525,0.9105555555555557,0.7766666666666661,59.624273608857614
AACGTACCGGCCACTATCAC,CTCGAGTCTGCACATCAGGA,CYP1B1,CYP1B1,"CYP1B1 (10), CYP1 (1), Cyp1B1 (1), Fwd- (1)","CYP1B1 (3), GAPDH (1), NQO1 (1)",0.004,0.004,14,6,"PMC10108886, PMC10177790, PMC10692357, PMC3835935, PMC4223525, PMC4657954, PMC5381383, PMC6055626, PMC6321474, PMC8195432, PMC8382200, PMC8700497, PMC8929146, PMC9513375","PMC11311371, PMC3128624, PMC3945483, PMC4880456, PMC5434822, PMC5998603",60.47,59.84,55.0,55.0,96,138,14,6,1328.0,1420.0,1347.0,1439.0,forward,reverse_complement,4,6,3,"PMC10108886,PMC10177790,PMC10692357,PMC3835935,PMC4223525,PMC4657954,PMC5381383,PMC6055626,PMC6321474,PMC8195432,PMC8382200,PMC8929146,PMC9513375",PMC8700497,"PMC11311371,PMC3128624,PMC3945483,PMC4880456,PMC5434822,PMC5998603",,0,13,6,1,0,,,,,,,,,,,,,,,,,,,,,,0.435525022795992,0.9650000000000003,0.7900000000000015,66.52625113979964
AACGTACCGGCCACTATCAC,CTCCCCACGACCTGATCCA,CYP1B1,CYP1B1,"CYP1B1 (10), CYP1 (1), Cyp1B1 (1), Fwd- (1)",CYP1B1 (4),0.004,0.011,14,6,"PMC10108886, PMC10177790, PMC10692357, PMC3835935, PMC4223525, PMC4657954, PMC5381383, PMC6055626, PMC6321474, PMC8195432, PMC8382200, PMC8700497, PMC8929146, PMC9513375","PMC12015283, PMC4503736, PMC6272870, PMC7813468, PMC7904554, PMC9342710",60.47,61.35,55.0,63.2,96,96,14,6,1328.0,1452.0,1347.0,1470.0,forward,reverse_complement,4,4,4,"PMC10108886,PMC10177790,PMC10692357,PMC3835935,PMC4223525,PMC4657954,PMC5381383,PMC6055626,PMC6321474,PMC8195432,PMC8382200,PMC8929146,PMC9513375",PMC8700497,"PMC12015283,PMC4503736,PMC6272870,PMC7813468,PMC7904554,PMC9342710",,0,13,6,1,0,,,,,,,,,,,,,,,,,,,,,,0.435525022795992,0.8372222222222223,0.7066666666666659,61.02625113979959
AACGTACCGGCCACTATCAC,CCACGACCTGATCCAATTCT,CYP1B1,CYP1B1,"CYP1B1 (10), CYP1 (1), Cyp1B1 (1), Fwd- (1)","CYP1B1 (5), FAM (1), Rev- (1)",0.004,0.004,14,8,"PMC10108886, PMC10177790, PMC10692357, PMC3835935, PMC4223525, PMC4657954, PMC5381383, PMC6055626, PMC6321474, PMC8195432, PMC8382200, PMC8700497, PMC8929146, PMC9513375","PMC10257548, PMC10640566, PMC10692357, PMC3835935, PMC4223525, PMC4339390, PMC5381383, PMC8929146",60.47,57.96,55.0,50.0,96,87,14,8,1328.0,1447.0,1347.0,1466.0,forward,reverse_complement,4,4,4,"PMC10108886,PMC10177790,PMC10692357,PMC3835935,PMC4223525,PMC4657954,PMC5381383,PMC6055626,PMC6321474,PMC8195432,PMC8382200,PMC8929146,PMC9513375",PMC8700497,"PMC10257548,PMC10640566,PMC10692357,PMC3835935,PMC4223525,PMC4339390,PMC5381383,PMC8929146",,5,13,8,1,0,"PMC10692357,PMC3835935,PMC4223525,PMC5381383,PMC8929146",,,,,,,,,,RNF145,,....T......A........,,,,,,,,,0.7342155287701774,0.21513888888888894,0.163333333333334,46.43160977184221
AACGTACCGGCCACTATCAC,TGGCATGAGGAATAGTGACAGGCA,CYP1B1,CYP1B1,"CYP1B1 (10), CYP1 (1), Cyp1B1 (1), Fwd- (1)","CYP1B1 (5), Human (1)",0.004,2.58e-05,14,6,"PMC10108886, PMC10177790, PMC10692357, PMC3835935, PMC4223525, PMC4657954, PMC5381383, PMC6055626, PMC6321474, PMC8195432, PMC8382200, PMC8700497, PMC8929146, PMC9513375","PMC11233136, PMC3995675, PMC4515671, PMC5465082, PMC5495210, PMC5864729",60.47,64.67,55.0,50.0,96,91,14,6,1328.0,1557.0,1347.0,1580.0,forward,reverse_complement,4,4,6,"PMC10108886,PMC10177790,PMC10692357,PMC3835935,PMC4223525,PMC4657954,PMC5381383,PMC6055626,PMC6321474,PMC8195432,PMC8382200,PMC8929146,PMC9513375",PMC8700497,,"PMC11233136,PMC3995675,PMC4515671,PMC5465082,PMC5495210,PMC5864729",0,13,0,1,6,,,,,,,,,,,,,,,,,,,,,,0.0,0.0,0.0,0.0
AACGTACCGGCCACTATCAC,TGATCCAATTCTGCCTGCACT,CYP1B1,CYP1B1,"CYP1B1 (10), CYP1 (1), Cyp1B1 (1), Fwd- (1)","CYP1B1 (3), Cytochrome (1)",0.004,0.001,14,6,"PMC10108886, PMC10177790, PMC10692357, PMC3835935, PMC4223525, PMC4657954, PMC5381383, PMC6055626, PMC6321474, PMC8195432, PMC8382200, PMC8700497, PMC8929146, PMC9513375","PMC2592272, PMC3809518, PMC6055626, PMC6062249, PMC8524661, PMC8852774",60.47,60.67,55.0,47.6,96,71,14,6,1328.0,1438.0,1347.0,1458.0,forward,reverse_complement,4,4,4,"PMC10108886,PMC10177790,PMC10692357,PMC3835935,PMC4223525,PMC4657954,PMC5381383,PMC6055626,PMC6321474,PMC8195432,PMC8382200,PMC8929146,PMC9513375",PMC8700497,"PMC6055626,PMC8524661,PMC8852774","PMC2592272,PMC3809518,PMC6062249",1,13,3,1,3,PMC6055626,,,,,,,,,,,,,,,,,,,,,0.5115837931034599,0.9366666666666666,0.9333333333333323,72.34585632183965
ACGTACCGGCCACTATCACT,AAGACAGAGGTGTTGGCAGTG,CYP1B1,CYP1B1,"CYP1B1 (12), UPL-20 (1)","CYP1B1 (6), Cyp1b1 (1), The (1)",0.004,0.001,14,8,"PMC10648586, PMC10940829, PMC11311371, PMC12015283, PMC3945483, PMC4503736, PMC4880456, PMC5434822, PMC5998603, PMC6272870, PMC7813468, PMC7904554, PMC9342710","PMC3963982, PMC4292762, PMC4397486, PMC5595834, PMC6017867, PMC8155206, PMC8531384",61.34,61.14,55.0,52.4,234,167,13,7,1329.0,1582.0,1348.0,1602.0,forward,reverse_complement,4,3,4,"PMC10648586,PMC10940829,PMC11311371,PMC12015283,PMC3945483,PMC4503736,PMC4880456,PMC5434822,PMC5998603,PMC6272870,PMC7813468,PMC7904554,PMC9342710",,,"PMC3963982,PMC4292762,PMC4397486,PMC5595834,PMC6017867,PMC8155206,PMC8531384",0,13,0,0,7,,,,,,,,,,ARFGEF3,,.......A......T.....,,,,,,,,,,0.33271093288814596,0.2155555555555555,0.9333333333333323,41.76887997774061
ACGTACCGGCCACTATCACT,CTCGAGTCTGCACATCAGGA,CYP1B1,CYP1B1,"CYP1B1 (12), UPL-20 (1)","CYP1B1 (3), GAPDH (1), NQO1 (1)",0.004,0.004,14,6,"PMC10648586, PMC10940829, PMC11311371, PMC12015283, PMC3945483, PMC4503736, PMC4880456, PMC5434822, PMC5998603, PMC6272870, PMC7813468, PMC7904554, PMC9342710","PMC11311371, PMC3128624, PMC3945483, PMC4880456, PMC5434822, PMC5998603",61.34,59.84,55.0,55.0,234,138,13,6,1329.0,1420.0,1348.0,1439.0,forward,reverse_complement,4,6,3,"PMC10648586,PMC10940829,PMC11311371,PMC12015283,PMC3945483,PMC4503736,PMC4880456,PMC5434822,PMC5998603,PMC6272870,PMC7813468,PMC7904554,PMC9342710",,"PMC11311371,PMC3128624,PMC3945483,PMC4880456,PMC5434822,PMC5998603",,5,13,6,0,0,"PMC11311371,PMC3945483,PMC4880456,PMC5434822,PMC5998603",,,,,,,,,ARFGEF3,,.......A......T.....,,,,,,,,,,0.7077207688129147,0.22916666666666663,0.5,52.261038440645734
ACGTACCGGCCACTATCACT,CTCCCCACGACCTGATCCA,CYP1B1,CYP1B1,"CYP1B1 (12), UPL-20 (1)",CYP1B1 (4),0.004,0.011,14,6,"PMC10648586, PMC10940829, PMC11311371, PMC12015283, PMC3945483, PMC4503736, PMC4880456, PMC5434822, PMC5998603, PMC6272870, PMC7813468, PMC7904554, PMC9342710","PMC12015283, PMC4503736, PMC6272870, PMC7813468, PMC7904554, PMC9342710",61.34,61.35,55.0,63.2,234,96,13,6,1329.0,1452.0,1348.0,1470.0,forward,reverse_complement,4,4,4,"PMC10648586,PMC10940829,PMC11311371,PMC12015283,PMC3945483,PMC4503736,PMC4880456,PMC5434822,PMC5998603,PMC6272870,PMC7813468,PMC7904554,PMC9342710",,"PMC12015283,PMC4503736,PMC6272870,PMC7813468,PMC7904554,PMC9342710",,6,13,6,0,0,"PMC12015283,PMC4503736,PMC6272870,PMC7813468,PMC7904554,PMC9342710",,,,,,,,,ARFGEF3,,.......A......T.....,,,,,,,,,,0.7313773238026677,0.19722222222222213,0.9966666666666674,62.41886619013339
ACGTACCGGCCACTATCACT,CCACGACCTGATCCAATTCT,CYP1B1,CYP1B1,"CYP1B1 (12), UPL-20 (1)","CYP1B1 (5), FAM (1), Rev- (1)",0.004,0.004,14,8,"PMC10648586, PMC10940829, PMC11311371, PMC12015283, PMC3945483, PMC4503736, PMC4880456, PMC5434822, PMC5998603, PMC6272870, PMC7813468, PMC7904554, PMC9342710","PMC10257548, PMC10640566, PMC10692357, PMC3835935, PMC4223525, PMC4339390, PMC5381383, PMC8929146",61.34,57.96,55.0,50.0,234,87,13,8,1329.0,1447.0,1348.0,1466.0,forward,reverse_complement,4,4,4,"PMC10648586,PMC10940829,PMC11311371,PMC12015283,PMC3945483,PMC4503736,PMC4880456,PMC5434822,PMC5998603,PMC6272870,PMC7813468,PMC7904554,PMC9342710",,"PMC10257548,PMC10640566,PMC10692357,PMC3835935,PMC4223525,PMC4339390,PMC5381383,PMC8929146",,0,13,8,0,0,,,,,,,,,,ARFGEF3,RNF145,.......A......T.....,....T......A........,,,,,,,,,0.4564707041752415,0.05076388888888887,0.0,24.34645187542874
ACGTACCGGCCACTATCACT,TGGCATGAGGAATAGTGACAGGCA,CYP1B1,CYP1B1,"CYP1B1 (12), UPL-20 (1)","CYP1B1 (5), Human (1)",0.004,2.58e-05,14,6,"PMC10648586, PMC10940829, PMC11311371, PMC12015283, PMC3945483, PMC4503736, PMC4880456, PMC5434822, PMC5998603, PMC6272870, PMC7813468, PMC7904554, PMC9342710","PMC11233136, PMC3995675, PMC4515671, PMC5465082, PMC5495210, PMC5864729",61.34,64.67,55.0,50.0,234,91,13,6,1329.0,1557.0,1348.0,1580.0,forward,reverse_complement,4,4,6,"PMC10648586,PMC10940829,PMC11311371,PMC12015283,PMC3945483,PMC4503736,PMC4880456,PMC5434822,PMC5998603,PMC6272870,PMC7813468,PMC7904554,PMC9342710",,,"PMC11233136,PMC3995675,PMC4515671,PMC5465082,PMC5495210,PMC5864729",0,13,0,0,6,,,,,,,,,,ARFGEF3,,.......A......T.....,,,,,,,,,,0.0,0.0,0.0,0.0
ACGTACCGGCCACTATCACT,TGATCCAATTCTGCCTGCACT,CYP1B1,CYP1B1,"CYP1B1 (12), UPL-20 (1)","CYP1B1 (3), Cytochrome (1)",0.004,0.001,14,6,"PMC10648586, PMC10940829, PMC11311371, PMC12015283, PMC3945483, PMC4503736, PMC4880456, PMC5434822, PMC5998603, PMC6272870, PMC7813468, PMC7904554, PMC9342710","PMC2592272, PMC3809518, PMC6055626, PMC6062249, PMC8524661, PMC8852774",61.34,60.67,55.0,47.6,234,71,13,6,1329.0,1438.0,1348.0,1458.0,forward,reverse_complement,4,4,4,"PMC10648586,PMC10940829,PMC11311371,PMC12015283,PMC3945483,PMC4503736,PMC4880456,PMC5434822,PMC5998603,PMC6272870,PMC7813468,PMC7904554,PMC9342710",,"PMC6055626,PMC8524661,PMC8852774","PMC2592272,PMC3809518,PMC6062249",0,13,3,0,3,,,,,,,,,,ARFGEF3,,.......A......T.....,,,,,,,,,,0.4024362270377718,0.22208333333333324,0.7766666666666661,42.317644685221914
AAGTTCTTGAGGCACTGCGAA,GAGGATAAAGGCGTCCATCA,CYP1B1,CYP1B1,"CYP1B1 (4), CYP-1B1 (1), CYP1B1-human-F (1), Cyp1b1 (1)","CYP1B1 (4), GCAA (1), Human (1), TBP (1)",0.001,0.004,8,8,"PMC10768089, PMC5737814, PMC7568376, PMC7678293, PMC7718955, PMC8847036, PMC9329165, PMC9511698","PMC10257548, PMC4339390, PMC5244521, PMC5899096, PMC6083493, PMC6723868, PMC6941985",61.13,57.74,47.6,50.0,96,186,8,7,1196.0,1248.0,1216.0,1267.0,forward,reverse_complement,3,3,3,"PMC10768089,PMC5737814,PMC7568376,PMC7678293,PMC7718955,PMC8847036,PMC9329165,PMC9511698",,"PMC5244521,PMC6941985","PMC10257548,PMC4339390,PMC5899096,PMC6083493,PMC6723868",0,8,2,0,5,,,,,,,,,,,CTU2,,......G.....C.......,,,,,,,,,0.3505202806529661,0.20291666666666663,0.0,23.613514032648304
AAGTTCTTGAGGCACTGCGAA,CTCGAGTCTGCACATCAGGA,CYP1B1,CYP1B1,"CYP1B1 (4), CYP-1B1 (1), CYP1B1-human-F (1), Cyp1b1 (1)","CYP1B1 (3), GAPDH (1), NQO1 (1)",0.001,0.004,8,6,"PMC10768089, PMC5737814, PMC7568376, PMC7678293, PMC7718955, PMC8847036, PMC9329165, PMC9511698","PMC11311371, PMC3128624, PMC3945483, PMC4880456, PMC5434822, PMC5998603",61.13,59.84,47.6,55.0,96,138,8,6,1196.0,1420.0,1216.0,1439.0,forward,reverse_complement,3,6,3,"PMC10768089,PMC5737814,PMC7568376,PMC7678293,PMC7718955,PMC8847036,PMC9329165,PMC9511698",,"PMC11311371,PMC3128624,PMC3945483,PMC4880456,PMC5434822,PMC5998603",,0,8,6,0,0,,,,,,,,,,,,,,,,,,,,,,0.39104826030312173,0.9283333333333332,0.5700000000000003,58.8024130151561
AAGTTCTTGAGGCACTGCGAA,CTCCCCACGACCTGATCCA,CYP1B1,CYP1B1,"CYP1B1 (4), CYP-1B1 (1), CYP1B1-human-F (1), Cyp1b1 (1)",CYP1B1 (4),0.001,0.011,8,6,"PMC10768089, PMC5737814, PMC7568376, PMC7678293, PMC7718955, PMC8847036, PMC9329165, PMC9511698","PMC12015283, PMC4503736, PMC6272870, PMC7813468, PMC7904554, PMC9342710",61.13,61.35,47.6,63.2,96,96,8,6,1196.0,1452.0,1216.0,1470.0,forward,reverse_complement,3,4,3,"PMC10768089,PMC5737814,PMC7568376,PMC7678293,PMC7718955,PMC8847036,PMC9329165,PMC9511698",,"PMC12015283,PMC4503736,PMC6272870,PMC7813468,PMC7904554,PMC9342710",,0,8,6,0,0,,,,,,,,,,,,,,,,,,,,,,0.39104826030312173,0.8005555555555552,0.9266666666666671,62.10241301515609
AAGTTCTTGAGGCACTGCGAA,GTGATAGTGGCCGGTACGTT,CYP1B1,CYP1B1,"CYP1B1 (4), CYP-1B1 (1), CYP1B1-human-F (1), Cyp1b1 (1)","CYP1B1 (10), CYP1 (1), Cyp1B1 (1), Fwd- (1)",0.001,0.004,8,14,"PMC10768089, PMC5737814, PMC7568376, PMC7678293, PMC7718955, PMC8847036, PMC9329165, PMC9511698","PMC10108886, PMC10177790, PMC10692357, PMC3835935, PMC4223525, PMC4657954, PMC5381383, PMC6055626, PMC6321474, PMC8195432, PMC8382200, PMC8700497, PMC8929146, PMC9513375",61.13,60.47,47.6,55.0,96,96,8,14,1196.0,1328.0,1216.0,1347.0,forward,reverse_complement,3,4,4,"PMC10768089,PMC5737814,PMC7568376,PMC7678293,PMC7718955,PMC8847036,PMC9329165,PMC9511698",,PMC8700497,"PMC10108886,PMC10177790,PMC10692357,PMC3835935,PMC4223525,PMC4657954,PMC5381383,PMC6055626,PMC6321474,PMC8195432,PMC8382200,PMC8929146,PMC9513375",0,8,1,0,13,,,,,,,,,,,,,,,,,,,,,,0.35383574538319046,0.911111111111111,0.7799999999999988,60.625120602492835
AAGTTCTTGAGGCACTGCGAA,AGTGATAGTGGCCGGTACGT,CYP1B1,CYP1B1,"CYP1B1 (4), CYP-1B1 (1), CYP1B1-human-F (1), Cyp1b1 (1)","CYP1B1 (12), UPL-20 (1)",0.001,0.004,8,14,"PMC10768089, PMC5737814, PMC7568376, PMC7678293, PMC7718955, PMC8847036, PMC9329165, PMC9511698","PMC10648586, PMC10940829, PMC11311371, PMC12015283, PMC3945483, PMC4503736, PMC4880456, PMC5434822, PMC5998603, PMC6272870, PMC7813468, PMC7904554, PMC9342710",61.13,61.34,47.6,55.0,96,234,8,13,1196.0,1329.0,1216.0,1348.0,forward,reverse_complement,3,4,4,"PMC10768089,PMC5737814,PMC7568376,PMC7678293,PMC7718955,PMC8847036,PMC9329165,PMC9511698",,,"PMC10648586,PMC10940829,PMC11311371,PMC12015283,PMC3945483,PMC4503736,PMC4880456,PMC5434822,PMC5998603,PMC6272870,PMC7813468,PMC7904554,PMC9342710",0,8,0,0,13,,,,,,,,,,,ARFGEF3,,.....A......T.......,,,,,,,,,0.3135135852882619,0.21569444444444433,0.9299999999999997,40.74651259774642
AAGTTCTTGAGGCACTGCGAA,GGCCGGTACGTTCTCCAAAT,CYP1B1,CYP1B1,"CYP1B1 (4), CYP-1B1 (1), CYP1B1-human-F (1), Cyp1b1 (1)","CYP1B1 (3), ACT (1), CYP1B1-human-R (1), Common (1), Cyp1b1 (1)",0.001,0.004,8,8,"PMC10768089, PMC5737814, PMC7568376, PMC7678293, PMC7718955, PMC8847036, PMC9329165, PMC9511698","PMC10768089, PMC5737814, PMC7568376, PMC7718955, PMC8847036, PMC9329165, PMC9511698, PMC9650820",61.13,61.05,47.6,55.0,96,75,8,8,1196.0,1320.0,1216.0,1339.0,forward,reverse_complement,3,4,3,"PMC10768089,PMC5737814,PMC7568376,PMC7678293,PMC7718955,PMC8847036,PMC9329165,PMC9511698",,"PMC10768089,PMC5737814,PMC7568376,PMC7718955,PMC8847036,PMC9329165,PMC9511698,PMC9650820",,7,8,8,0,0,"PMC10768089,PMC5737814,PMC7568376,PMC7718955,PMC8847036,PMC9329165,PMC9511698",,,,,,,,,,,,,,,,,,,,,0.7338875613014225,0.8788888888888888,0.9733333333333315,82.52771139840442
AAGTTCTTGAGGCACTGCGAA,CCACGACCTGATCCAATTCT,CYP1B1,CYP1B1,"CYP1B1 (4), CYP-1B1 (1), CYP1B1-human-F (1), Cyp1b1 (1)","CYP1B1 (5), FAM (1), Rev- (1)",0.001,0.004,8,8,"PMC10768089, PMC5737814, PMC7568376, PMC7678293, PMC7718955, PMC8847036, PMC9329165, PMC9511698","PMC10257548, PMC10640566, PMC10692357, PMC3835935, PMC4223525, PMC4339390, PMC5381383, PMC8929146",61.13,57.96,47.6,50.0,96,87,8,8,1196.0,1447.0,1216.0,1466.0,forward,reverse_complement,3,4,3,"PMC10768089,PMC5737814,PMC7568376,PMC7678293,PMC7718955,PMC8847036,PMC9329165,PMC9511698",,"PMC10257548,PMC10640566,PMC10692357,PMC3835935,PMC4223525,PMC4339390,PMC5381383,PMC8929146",,0,8,8,0,0,,,,,,,,,,,RNF145,,....T......A........,,,,,,,,,0.4147684809713778,0.20597222222222217,0.0,26.917590715235555
AAGTTCTTGAGGCACTGCGAA,TGATCCAATTCTGCCTGCACT,CYP1B1,CYP1B1,"CYP1B1 (4), CYP-1B1 (1), CYP1B1-human-F (1), Cyp1b1 (1)","CYP1B1 (3), Cytochrome (1)",0.001,0.001,8,6,"PMC10768089, PMC5737814, PMC7568376, PMC7678293, PMC7718955, PMC8847036, PMC9329165, PMC9511698","PMC2592272, PMC3809518, PMC6055626, PMC6062249, PMC8524661, PMC8852774",61.13,60.67,47.6,47.6,96,71,8,6,1196.0,1438.0,1216.0,1458.0,forward,reverse_complement,3,4,5,"PMC10768089,PMC5737814,PMC7568376,PMC7678293,PMC7718955,PMC8847036,PMC9329165,PMC9511698",,"PMC6055626,PMC8524661,PMC8852774","PMC2592272,PMC3809518,PMC6062249",0,8,3,0,3,,,,,,,,,,,,,,,,,,,,,,0.3607340038339081,0.8999999999999997,0.8466666666666663,61.970033525028725
CTCAACCGCAACTTCAGCAAC,GAGGATAAAGGCGTCCATCA,CYP1B1,CYP1B1,"CYP1B1 (4), ACSL4 (1), CYP2S1 (1), ESRRA (1), human (1)","CYP1B1 (4), GCAA (1), Human (1), TBP (1)",0.001,0.004,8,8,"PMC10022092, PMC10104818, PMC10804895, PMC11236226, PMC11439827, PMC11531753, PMC11607402, PMC6991636","PMC10257548, PMC4339390, PMC5244521, PMC5899096, PMC6083493, PMC6723868, PMC6941985",61.24,57.74,52.4,50.0,73,186,8,7,1163.0,1248.0,1183.0,1267.0,forward,reverse_complement,2,3,3,,"PMC10022092,PMC10104818,PMC10804895,PMC11236226,PMC11439827,PMC11531753,PMC11607402,PMC6991636","PMC5244521,PMC6941985","PMC10257548,PMC4339390,PMC5899096,PMC6083493,PMC6723868",0,0,2,8,5,,,,,,,,,,,CTU2,,......G.....C.......,,,,,,,,,0.23149713871559843,0.2013888888888889,0.0,17.616523602446588
CTCAACCGCAACTTCAGCAAC,CTCGAGTCTGCACATCAGGA,CYP1B1,CYP1B1,"CYP1B1 (4), ACSL4 (1), CYP2S1 (1), ESRRA (1), human (1)","CYP1B1 (3), GAPDH (1), NQO1 (1)",0.001,0.004,8,6,"PMC10022092, PMC10104818, PMC10804895, PMC11236226, PMC11439827, PMC11531753, PMC11607402, PMC6991636","PMC11311371, PMC3128624, PMC3945483, PMC4880456, PMC5434822, PMC5998603",61.24,59.84,52.4,55.0,73,138,8,6,1163.0,1420.0,1183.0,1439.0,forward,reverse_complement,2,6,3,,"PMC10022092,PMC10104818,PMC10804895,PMC11236226,PMC11439827,PMC11531753,PMC11607402,PMC6991636","PMC11311371,PMC3128624,PMC3945483,PMC4880456,PMC5434822,PMC5998603",,0,0,6,8,0,,,,,,,,,,,,,,,,,,,,,,0.27202511836575405,0.9222222222222223,0.5333333333333339,51.93458925162104
CTCAACCGCAACTTCAGCAAC,GTGATAGTGGCCGGTACGTT,CYP1B1,CYP1B1,"CYP1B1 (4), ACSL4 (1), CYP2S1 (1), ESRRA (1), human (1)","CYP1B1 (10), CYP1 (1), Cyp1B1 (1), Fwd- (1)",0.001,0.004,8,14,"PMC10022092, PMC10104818, PMC10804895, PMC11236226, PMC11439827, PMC11531753, PMC11607402, PMC6991636","PMC10108886, PMC10177790, PMC10692357, PMC3835935, PMC4223525, PMC4657954, PMC5381383, PMC6055626, PMC6321474, PMC8195432, PMC8382200, PMC8700497, PMC8929146, PMC9513375",61.24,60.47,52.4,55.0,73,96,8,14,1163.0,1328.0,1183.0,1347.0,forward,reverse_complement,2,4,4,,"PMC10022092,PMC10104818,PMC10804895,PMC11236226,PMC11439827,PMC11531753,PMC11607402,PMC6991636",PMC8700497,"PMC10108886,PMC10177790,PMC10692357,PMC3835935,PMC4223525,PMC4657954,PMC5381383,PMC6055626,PMC6321474,PMC8195432,PMC8382200,PMC8929146,PMC9513375",0,0,1,8,13,,,,,,,,,,,,,,,,,,,,,,0.2348126034458228,0.905,0.7433333333333323,53.75729683895779
CTCAACCGCAACTTCAGCAAC,AGTGATAGTGGCCGGTACGT,CYP1B1,CYP1B1,"CYP1B1 (4), ACSL4 (1), CYP2S1 (1), ESRRA (1), human (1)","CYP1B1 (12), UPL-20 (1)",0.001,0.004,8,14,"PMC10022092, PMC10104818, PMC10804895, PMC11236226, PMC11439827, PMC11531753, PMC11607402, PMC6991636","PMC10648586, PMC10940829, PMC11311371, PMC12015283, PMC3945483, PMC4503736, PMC4880456, PMC5434822, PMC5998603, PMC6272870, PMC7813468, PMC7904554, PMC9342710",61.24,61.34,52.4,55.0,73,234,8,13,1163.0,1329.0,1183.0,1348.0,forward,reverse_complement,2,4,4,,"PMC10022092,PMC10104818,PMC10804895,PMC11236226,PMC11439827,PMC11531753,PMC11607402,PMC6991636",,"PMC10648586,PMC10940829,PMC11311371,PMC12015283,PMC3945483,PMC4503736,PMC4880456,PMC5434822,PMC5998603,PMC6272870,PMC7813468,PMC7904554,PMC9342710",0,0,0,8,13,,,,,,,,,,,ARFGEF3,,.....A......T.......,,,,,,,,,0.19449044335089422,0.21416666666666656,0.9666666666666662,35.48285550087803
CTCAACCGCAACTTCAGCAAC,TTCGCAGTGCCTCAAGAACTT,CYP1B1,CYP1B1,"CYP1B1 (4), ACSL4 (1), CYP2S1 (1), ESRRA (1), human (1)","CYP1B1 (4), CYP-1B1 (1), CYP1B1-human-F (1), Cyp1b1 (1)",0.001,0.001,8,8,"PMC10022092, PMC10104818, PMC10804895, PMC11236226, PMC11439827, PMC11531753, PMC11607402, PMC6991636","PMC10768089, PMC5737814, PMC7568376, PMC7678293, PMC7718955, PMC8847036, PMC9329165, PMC9511698",61.24,61.13,52.4,47.6,73,96,8,8,1163.0,1196.0,1183.0,1216.0,forward,reverse_complement,2,3,3,,"PMC10022092,PMC10104818,PMC10804895,PMC11236226,PMC11439827,PMC11531753,PMC11607402,PMC6991636",,"PMC10768089,PMC5737814,PMC7568376,PMC7678293,PMC7718955,PMC8847036,PMC9329165,PMC9511698",0,0,0,8,8,,,,,,,,,,,,,,,,,,,,,,0.17672219709664247,0.868333333333333,0.9633333333333335,54.152776521498794
CTCAACCGCAACTTCAGCAAC,GGCCGGTACGTTCTCCAAAT,CYP1B1,CYP1B1,"CYP1B1 (4), ACSL4 (1), CYP2S1 (1), ESRRA (1), human (1)","CYP1B1 (3), ACT (1), CYP1B1-human-R (1), Common (1), Cyp1b1 (1)",0.001,0.004,8,8,"PMC10022092, PMC10104818, PMC10804895, PMC11236226, PMC11439827, PMC11531753, PMC11607402, PMC6991636","PMC10768089, PMC5737814, PMC7568376, PMC7718955, PMC8847036, PMC9329165, PMC9511698, PMC9650820",61.24,61.05,52.4,55.0,73,75,8,8,1163.0,1320.0,1183.0,1339.0,forward,reverse_complement,2,4,4,,"PMC10022092,PMC10104818,PMC10804895,PMC11236226,PMC11439827,PMC11531753,PMC11607402,PMC6991636","PMC10768089,PMC5737814,PMC7568376,PMC7718955,PMC8847036,PMC9329165,PMC9511698,PMC9650820",,0,0,8,8,0,,,,,,,,,,,,,,,,,,,,,,0.2957453390340101,0.8727777777777779,0.9366666666666651,59.703933618367145
CTCAACCGCAACTTCAGCAAC,TGATCCAATTCTGCCTGCACT,CYP1B1,CYP1B1,"CYP1B1 (4), ACSL4 (1), CYP2S1 (1), ESRRA (1), human (1)","CYP1B1 (3), Cytochrome (1)",0.001,0.001,8,6,"PMC10022092, PMC10104818, PMC10804895, PMC11236226, PMC11439827, PMC11531753, PMC11607402, PMC6991636","PMC2592272, PMC3809518, PMC6055626, PMC6062249, PMC8524661, PMC8852774",61.24,60.67,52.4,47.6,73,71,8,6,1163.0,1438.0,1183.0,1458.0,forward,reverse_complement,2,4,3,,"PMC10022092,PMC10104818,PMC10804895,PMC11236226,PMC11439827,PMC11531753,PMC11607402,PMC6991636","PMC6055626,PMC8524661,PMC8852774","PMC2592272,PMC3809518,PMC6062249",0,0,3,8,3,,,,,,,,,,,,,,,,,,,,,,0.24171086189654045,0.8938888888888887,0.8099999999999999,55.10220976149368
ATTTGGAGAACGTACCGGCC,AAGACAGAGGTGTTGGCAGTG,CYP1B1,CYP1B1,"CYP1B1 (3), ACT (1), CYP1B1-human-R (1), Common (1), Cyp1b1 (1)","CYP1B1 (6), Cyp1b1 (1), The (1)",0.004,0.001,8,8,"PMC10768089, PMC5737814, PMC7568376, PMC7718955, PMC8847036, PMC9329165, PMC9511698, PMC9650820","PMC3963982, PMC4292762, PMC4397486, PMC5595834, PMC6017867, PMC8155206, PMC8531384",61.05,61.14,55.0,52.4,75,167,8,7,1320.0,1582.0,1339.0,1602.0,forward,reverse_complement,4,3,3,,"PMC10768089,PMC5737814,PMC7568376,PMC7718955,PMC8847036,PMC9329165,PMC9511698,PMC9650820",,"PMC3963982,PMC4292762,PMC4397486,PMC5595834,PMC6017867,PMC8155206,PMC8531384",0,0,0,8,7,,,,,,,,,,,,,,,,,,,,,,0.1719855677469146,0.8783333333333336,0.9699999999999989,54.34927838734571
ATTTGGAGAACGTACCGGCC,CTCGAGTCTGCACATCAGGA,CYP1B1,CYP1B1,"CYP1B1 (3), ACT (1), CYP1B1-human-R (1), Common (1), Cyp1b1 (1)","CYP1B1 (3), GAPDH (1), NQO1 (1)",0.004,0.004,8,6,"PMC10768089, PMC5737814, PMC7568376, PMC7718955, PMC8847036, PMC9329165, PMC9511698, PMC9650820","PMC11311371, PMC3128624, PMC3945483, PMC4880456, PMC5434822, PMC5998603",61.05,59.84,55.0,55.0,75,138,8,6,1320.0,1420.0,1339.0,1439.0,forward,reverse_complement,4,6,3,,"PMC10768089,PMC5737814,PMC7568376,PMC7718955,PMC8847036,PMC9329165,PMC9511698,PMC9650820","PMC11311371,PMC3128624,PMC3945483,PMC4880456,PMC5434822,PMC5998603",,0,0,6,8,0,,,,,,,,,,,,,,,,,,,,,,0.27202511836575405,0.9327777777777781,0.5966666666666687,53.51792258495443
ATTTGGAGAACGTACCGGCC,CTCCCCACGACCTGATCCA,CYP1B1,CYP1B1,"CYP1B1 (3), ACT (1), CYP1B1-human-R (1), Common (1), Cyp1b1 (1)",CYP1B1 (4),0.004,0.011,8,6,"PMC10768089, PMC5737814, PMC7568376, PMC7718955, PMC8847036, PMC9329165, PMC9511698, PMC9650820","PMC12015283, PMC4503736, PMC6272870, PMC7813468, PMC7904554, PMC9342710",61.05,61.35,55.0,63.2,75,96,8,6,1320.0,1452.0,1339.0,1470.0,forward,reverse_complement,4,4,4,,"PMC10768089,PMC5737814,PMC7568376,PMC7718955,PMC8847036,PMC9329165,PMC9511698,PMC9650820","PMC12015283,PMC4503736,PMC6272870,PMC7813468,PMC7904554,PMC9342710",,0,0,6,8,0,,,,,,,,,,,,,,,,,,,,,,0.27202511836575405,0.8050000000000002,0.8999999999999986,55.751255918287676
ATTTGGAGAACGTACCGGCC,CCACGACCTGATCCAATTCT,CYP1B1,CYP1B1,"CYP1B1 (3), ACT (1), CYP1B1-human-R (1), Common (1), Cyp1b1 (1)","CYP1B1 (5), FAM (1), Rev- (1)",0.004,0.004,8,8,"PMC10768089, PMC5737814, PMC7568376, PMC7718955, PMC8847036, PMC9329165, PMC9511698, PMC9650820","PMC10257548, PMC10640566, PMC10692357, PMC3835935, PMC4223525, PMC4339390, PMC5381383, PMC8929146",61.05,57.96,55.0,50.0,75,87,8,8,1320.0,1447.0,1339.0,1466.0,forward,reverse_complement,4,4,5,,"PMC10768089,PMC5737814,PMC7568376,PMC7718955,PMC8847036,PMC9329165,PMC9511698,PMC9650820","PMC10257548,PMC10640566,PMC10692357,PMC3835935,PMC4223525,PMC4339390,PMC5381383,PMC8929146",,0,0,8,8,0,,,,,,,,,,,RNF145,,....T......A........,,,,,,,,,0.2957453390340101,0.2070833333333334,0.0,20.999766951700508
ATTTGGAGAACGTACCGGCC,TGGCATGAGGAATAGTGACAGGCA,CYP1B1,CYP1B1,"CYP1B1 (3), ACT (1), CYP1B1-human-R (1), Common (1), Cyp1b1 (1)","CYP1B1 (5), Human (1)",0.004,2.58e-05,8,6,"PMC10768089, PMC5737814, PMC7568376, PMC7718955, PMC8847036, PMC9329165, PMC9511698, PMC9650820","PMC11233136, PMC3995675, PMC4515671, PMC5465082, PMC5495210, PMC5864729",61.05,64.67,55.0,50.0,75,91,8,6,1320.0,1557.0,1339.0,1580.0,forward,reverse_complement,4,4,3,,"PMC10768089,PMC5737814,PMC7568376,PMC7718955,PMC8847036,PMC9329165,PMC9511698,PMC9650820",,"PMC11233136,PMC3995675,PMC4515671,PMC5465082,PMC5495210,PMC5864729",0,0,0,8,6,,,,,,,,,,,,,,,,,,,,,,0.16661562028469645,0.7750000000000001,0.0,31.580781014234827
ATTTGGAGAACGTACCGGCC,TGATCCAATTCTGCCTGCACT,CYP1B1,CYP1B1,"CYP1B1 (3), ACT (1), CYP1B1-human-R (1), Common (1), Cyp1b1 (1)","CYP1B1 (3), Cytochrome (1)",0.004,0.001,8,6,"PMC10768089, PMC5737814, PMC7568376, PMC7718955, PMC8847036, PMC9329165, PMC9511698, PMC9650820","PMC2592272, PMC3809518, PMC6055626, PMC6062249, PMC8524661, PMC8852774",61.05,60.67,55.0,47.6,75,71,8,6,1320.0,1438.0,1339.0,1458.0,forward,reverse_complement,4,4,5,,"PMC10768089,PMC5737814,PMC7568376,PMC7718955,PMC8847036,PMC9329165,PMC9511698,PMC9650820","PMC6055626,PMC8524661,PMC8852774","PMC2592272,PMC3809518,PMC6062249",0,0,3,8,3,,,,,,,,,,,,,,,,,,,,,,0.24171086189654045,0.9044444444444446,0.8733333333333348,56.685543094827054
AGAATTGGATCAGGTCGTGG,AAGACAGAGGTGTTGGCAGTG,CYP1B1,CYP1B1,"CYP1B1 (5), FAM (1), Rev- (1)","CYP1B1 (6), Cyp1b1 (1), The (1)",0.004,0.001,8,8,"PMC10257548, PMC10640566, PMC10692357, PMC3835935, PMC4223525, PMC4339390, PMC5381383, PMC8929146","PMC3963982, PMC4292762, PMC4397486, PMC5595834, PMC6017867, PMC8155206, PMC8531384",57.96,61.14,50.0,52.4,87,167,8,7,1447.0,1582.0,1466.0,1602.0,forward,reverse_complement,4,3,3,,"PMC10257548,PMC10640566,PMC10692357,PMC3835935,PMC4223525,PMC4339390,PMC5381383,PMC8929146",,"PMC3963982,PMC4292762,PMC4397486,PMC5595834,PMC6017867,PMC8155206,PMC8531384",0,0,0,8,7,,,,,,,,,,RNF145,,........T......A....,,,,,,,,,,0.1719855677469146,0.20583333333333337,0.0,14.77427838734573
AGAATTGGATCAGGTCGTGG,TGGCATGAGGAATAGTGACAGGCA,CYP1B1,CYP1B1,"CYP1B1 (5), FAM (1), Rev- (1)","CYP1B1 (5), Human (1)",0.004,2.58e-05,8,6,"PMC10257548, PMC10640566, PMC10692357, PMC3835935, PMC4223525, PMC4339390, PMC5381383, PMC8929146","PMC11233136, PMC3995675, PMC4515671, PMC5465082, PMC5495210, PMC5864729",57.96,64.67,50.0,50.0,87,91,8,6,1447.0,1557.0,1466.0,1580.0,forward,reverse_complement,4,4,3,,"PMC10257548,PMC10640566,PMC10692357,PMC3835935,PMC4223525,PMC4339390,PMC5381383,PMC8929146",,"PMC11233136,PMC3995675,PMC4515671,PMC5465082,PMC5495210,PMC5864729",0,0,0,8,6,,,,,,,,,,RNF145,,........T......A....,,,,,,,,,,0.16661562028469645,0.18,0.0,13.730781014234822
TGCCTGTCACTATTCCTCATGCCA,AAGACAGAGGTGTTGGCAGTG,CYP1B1,CYP1B1,"CYP1B1 (5), Human (1)","CYP1B1 (6), Cyp1b1 (1), The (1)",2.58e-05,0.001,6,8,"PMC11233136, PMC3995675, PMC4515671, PMC5465082, PMC5495210, PMC5864729","PMC3963982, PMC4292762, PMC4397486, PMC5595834, PMC6017867, PMC8155206, PMC8531384",64.67,61.14,50.0,52.4,91,167,6,7,1557.0,1582.0,1580.0,1602.0,forward,reverse_complement,4,3,5,"PMC11233136,PMC3995675,PMC4515671,PMC5465082,PMC5495210,PMC5864729",,,"PMC3963982,PMC4292762,PMC4397486,PMC5595834,PMC6017867,PMC8155206,PMC8531384",0,6,0,0,7,,,,,,,,,,,,,,,,,,,,,,0.2672884890160262,0.77,0.0,36.46442445080131
AGTGCAGGCAGAATTGGATCA,AAGACAGAGGTGTTGGCAGTG,CYP1B1,CYP1B1,"CYP1B1 (3), Cytochrome (1)","CYP1B1 (6), Cyp1b1 (1), The (1)",0.001,0.001,6,8,"PMC2592272, PMC3809518, PMC6055626, PMC6062249, PMC8524661, PMC8852774","PMC3963982, PMC4292762, PMC4397486, PMC5595834, PMC6017867, PMC8155206, PMC8531384",60.67,61.14,47.6,52.4,71,167,6,7,1438.0,1582.0,1458.0,1602.0,forward,reverse_complement,4,3,3,"PMC2592272,PMC3809518,PMC6062249","PMC6055626,PMC8524661,PMC8852774",,"PMC3963982,PMC4292762,PMC4397486,PMC5595834,PMC6017867,PMC8155206,PMC8531384",0,3,0,3,7,,,,,,,,,,,,,,,,,,,,,,0.23697423254681255,0.8994444444444444,0.8433333333333337,55.698711627340636
AGTGCAGGCAGAATTGGATCA,CTCGAGTCTGCACATCAGGA,CYP1B1,CYP1B1,"CYP1B1 (3), Cytochrome (1)","CYP1B1 (3), GAPDH (1), NQO1 (1)",0.001,0.004,6,6,"PMC2592272, PMC3809518, PMC6055626, PMC6062249, PMC8524661, PMC8852774","PMC11311371, PMC3128624, PMC3945483, PMC4880456, PMC5434822, PMC5998603",60.67,59.84,47.6,55.0,71,138,6,6,1438.0,1420.0,1458.0,1439.0,forward,reverse_complement,4,6,6,"PMC2592272,PMC3809518,PMC6062249","PMC6055626,PMC8524661,PMC8852774","PMC11311371,PMC3128624,PMC3945483,PMC4880456,PMC5434822,PMC5998603",,0,3,6,3,0,,,,,,,,,,,,,,,,,,,,,,0.0,0.0,0.0,0.0
AGTGCAGGCAGAATTGGATCA,TGGCATGAGGAATAGTGACAGGCA,CYP1B1,CYP1B1,"CYP1B1 (3), Cytochrome (1)","CYP1B1 (5), Human (1)",0.001,2.58e-05,6,6,"PMC2592272, PMC3809518, PMC6055626, PMC6062249, PMC8524661, PMC8852774","PMC11233136, PMC3995675, PMC4515671, PMC5465082, PMC5495210, PMC5864729",60.67,64.67,47.6,50.0,71,91,6,6,1438.0,1557.0,1458.0,1580.0,forward,reverse_complement,4,4,3,"PMC2592272,PMC3809518,PMC6062249","PMC6055626,PMC8524661,PMC8852774",,"PMC11233136,PMC3995675,PMC4515671,PMC5465082,PMC5495210,PMC5864729",0,3,0,3,6,,,,,,,,,,,,,,,,,,,,,,0.2316042850845944,0.796111111111111,0.0,35.46354758756305
AACGTCATGAGTGCCGTGTGT,GAGGATAAAGGCGTCCATCA,CYP1B1,CYP1B1,CYP1B1 (4),"CYP1B1 (4), GCAA (1), Human (1), TBP (1)",0.001,0.004,5,8,"PMC1257648, PMC4696163, PMC5998349, PMC6893467, PMC8696176","PMC10257548, PMC4339390, PMC5244521, PMC5899096, PMC6083493, PMC6723868, PMC6941985",63.48,57.74,52.4,50.0,129,186,5,7,980.0,1248.0,1000.0,1267.0,forward,reverse_complement,6,3,3,"PMC1257648,PMC4696163,PMC5998349,PMC6893467,PMC8696176",,"PMC5244521,PMC6941985","PMC10257548,PMC4339390,PMC5899096,PMC6083493,PMC6723868",0,5,2,0,5,,,,,,,,,,,CTU2,,......G.....C.......,,,,,,,,,0.31225060428224144,0.17694444444444446,0.0,20.920863547445407
AACGTCATGAGTGCCGTGTGT,TTCGCAGTGCCTCAAGAACTT,CYP1B1,CYP1B1,CYP1B1 (4),"CYP1B1 (4), CYP-1B1 (1), CYP1B1-human-F (1), Cyp1b1 (1)",0.001,0.001,5,8,"PMC1257648, PMC4696163, PMC5998349, PMC6893467, PMC8696176","PMC10768089, PMC5737814, PMC7568376, PMC7678293, PMC7718955, PMC8847036, PMC9329165, PMC9511698",63.48,61.13,52.4,47.6,129,96,5,8,980.0,1196.0,1000.0,1216.0,forward,reverse_complement,6,3,4,"PMC1257648,PMC4696163,PMC5998349,PMC6893467,PMC8696176",,,"PMC10768089,PMC5737814,PMC7568376,PMC7678293,PMC7718955,PMC8847036,PMC9329165,PMC9511698",0,5,0,0,8,,,,,,,,,,,,,,,,,,,,,,0.2574756626632855,0.7705555555555553,0.21666666666666856,40.323783133164305
AACGTCATGAGTGCCGTGTGT,GTTGCTGAAGTTGCGGTTGAG,CYP1B1,CYP1B1,CYP1B1 (4),"CYP1B1 (4), ACSL4 (1), CYP2S1 (1), ESRRA (1), human (1)",0.001,0.001,5,8,"PMC1257648, PMC4696163, PMC5998349, PMC6893467, PMC8696176","PMC10022092, PMC10104818, PMC10804895, PMC11236226, PMC11439827, PMC11531753, PMC11607402, PMC6991636",63.48,61.24,52.4,52.4,129,73,5,8,980.0,1163.0,1000.0,1183.0,forward,reverse_complement,6,2,3,"PMC1257648,PMC4696163,PMC5998349,PMC6893467,PMC8696176",,"PMC10022092,PMC10104818,PMC10804895,PMC11236226,PMC11439827,PMC11531753,PMC11607402,PMC6991636",,0,5,8,0,0,,,,,,,,,,,,,,,,,,,,,,0.37649880460065316,0.7644444444444443,0.2533333333333351,46.82494023003269
TGAGTGCCGTGTGTTTCGG,GAGGATAAAGGCGTCCATCA,CYP1B1,CYP1B1,"CYP1B1 (8), AGT (1), CYP1b1 (1), human (1)","CYP1B1 (4), GCAA (1), Human (1), TBP (1)",0.011,0.004,11,8,"PMC10022092, PMC10104818, PMC10804895, PMC11236226, PMC11439827, PMC11531753, PMC11607402, PMC4929558, PMC6991636, PMC8015744","PMC10257548, PMC4339390, PMC5244521, PMC5899096, PMC6083493, PMC6723868, PMC6941985",61.52,57.74,57.9,50.0,110,186,10,7,987.0,1248.0,1005.0,1267.0,forward,reverse_complement,3,3,3,"PMC10022092,PMC10104818,PMC10804895,PMC11236226,PMC11439827,PMC11531753,PMC11607402,PMC4929558,PMC6991636,PMC8015744",,"PMC5244521,PMC6941985","PMC10257548,PMC4339390,PMC5899096,PMC6083493,PMC6723868",0,10,2,0,5,,,,,,,,,,,CTU2,,......G.....C.......,,,,,,,,,0.3694605110670123,0.18708333333333332,0.0,24.08552555335061
TGAGTGCCGTGTGTTTCGG,TTCGCAGTGCCTCAAGAACTT,CYP1B1,CYP1B1,"CYP1B1 (8), AGT (1), CYP1b1 (1), human (1)","CYP1B1 (4), CYP-1B1 (1), CYP1B1-human-F (1), Cyp1b1 (1)",0.011,0.001,11,8,"PMC10022092, PMC10104818, PMC10804895, PMC11236226, PMC11439827, PMC11531753, PMC11607402, PMC4929558, PMC6991636, PMC8015744","PMC10768089, PMC5737814, PMC7568376, PMC7678293, PMC7718955, PMC8847036, PMC9329165, PMC9511698",61.52,61.13,57.9,47.6,110,96,10,8,987.0,1196.0,1005.0,1216.0,forward,reverse_complement,3,3,4,"PMC10022092,PMC10104818,PMC10804895,PMC11236226,PMC11439827,PMC11531753,PMC11607402,PMC4929558,PMC6991636,PMC8015744",,,"PMC10768089,PMC5737814,PMC7568376,PMC7678293,PMC7718955,PMC8847036,PMC9329165,PMC9511698",0,10,0,0,8,,,,,,,,,,,,,,,,,,,,,,0.31468556944805637,0.8111111111111107,0.8699999999999998,57.46761180573613
TGAGTGCCGTGTGTTTCGG,GTTGCTGAAGTTGCGGTTGAG,CYP1B1,CYP1B1,"CYP1B1 (8), AGT (1), CYP1b1 (1), human (1)","CYP1B1 (4), ACSL4 (1), CYP2S1 (1), ESRRA (1), human (1)",0.011,0.001,11,8,"PMC10022092, PMC10104818, PMC10804895, PMC11236226, PMC11439827, PMC11531753, PMC11607402, PMC4929558, PMC6991636, PMC8015744","PMC10022092, PMC10104818, PMC10804895, PMC11236226, PMC11439827, PMC11531753, PMC11607402, PMC6991636",61.52,61.24,57.9,52.4,110,73,10,8,987.0,1163.0,1005.0,1183.0,forward,reverse_complement,3,2,3,"PMC10022092,PMC10104818,PMC10804895,PMC11236226,PMC11439827,PMC11531753,PMC11607402,PMC4929558,PMC6991636,PMC8015744",,"PMC10022092,PMC10104818,PMC10804895,PMC11236226,PMC11439827,PMC11531753,PMC11607402,PMC6991636",,8,10,8,0,0,"PMC10022092,PMC10104818,PMC10804895,PMC11236226,PMC11439827,PMC11531753,PMC11607402,PMC6991636",,,,,,,,,,,,,,,,,,,,,0.7709032284439195,0.8049999999999997,0.9066666666666663,80.82849475552929
TGATGGACGCCTTTATCCTC,CTCGAGTCTGCACATCAGGA,CYP1B1,CYP1B1,"CYP1B1 (4), GCAA (1), Human (1), TBP (1)","CYP1B1 (3), GAPDH (1), NQO1 (1)",0.004,0.004,8,6,"PMC10257548, PMC4339390, PMC5244521, PMC5899096, PMC6083493, PMC6723868, PMC6941985","PMC11311371, PMC3128624, PMC3945483, PMC4880456, PMC5434822, PMC5998603",57.74,59.84,50.0,55.0,186,138,7,6,1248.0,1420.0,1267.0,1439.0,forward,reverse_complement,3,6,5,"PMC10257548,PMC4339390,PMC5899096,PMC6083493,PMC6723868","PMC5244521,PMC6941985","PMC11311371,PMC3128624,PMC3945483,PMC4880456,PMC5434822,PMC5998603",,0,5,6,2,0,,,,,,,,,,CTU2,,.......G.....C......,,,,,,,,,,0.36434768079063196,0.21638888888888896,0.2999999999999995,30.709050706198255
TGATGGACGCCTTTATCCTC,CTCCCCACGACCTGATCCA,CYP1B1,CYP1B1,"CYP1B1 (4), GCAA (1), Human (1), TBP (1)",CYP1B1 (4),0.004,0.011,8,6,"PMC10257548, PMC4339390, PMC5244521, PMC5899096, PMC6083493, PMC6723868, PMC6941985","PMC12015283, PMC4503736, PMC6272870, PMC7813468, PMC7904554, PMC9342710",57.74,61.35,50.0,63.2,186,96,7,6,1248.0,1452.0,1267.0,1470.0,forward,reverse_complement,3,4,4,"PMC10257548,PMC4339390,PMC5899096,PMC6083493,PMC6723868","PMC5244521,PMC6941985","PMC12015283,PMC4503736,PMC6272870,PMC7813468,PMC7904554,PMC9342710",,0,5,6,2,0,,,,,,,,,,CTU2,,.......G.....C......,,,,,,,,,,0.36434768079063196,0.18444444444444447,0.0,23.750717372864933
TGATGGACGCCTTTATCCTC,GTGATAGTGGCCGGTACGTT,CYP1B1,CYP1B1,"CYP1B1 (4), GCAA (1), Human (1), TBP (1)","CYP1B1 (10), CYP1 (1), Cyp1B1 (1), Fwd- (1)",0.004,0.004,8,14,"PMC10257548, PMC4339390, PMC5244521, PMC5899096, PMC6083493, PMC6723868, PMC6941985","PMC10108886, PMC10177790, PMC10692357, PMC3835935, PMC4223525, PMC4657954, PMC5381383, PMC6055626, PMC6321474, PMC8195432, PMC8382200, PMC8700497, PMC8929146, PMC9513375",57.74,60.47,50.0,55.0,186,96,7,14,1248.0,1328.0,1267.0,1347.0,forward,reverse_complement,3,4,4,"PMC10257548,PMC4339390,PMC5899096,PMC6083493,PMC6723868","PMC5244521,PMC6941985",PMC8700497,"PMC10108886,PMC10177790,PMC10692357,PMC3835935,PMC4223525,PMC4657954,PMC5381383,PMC6055626,PMC6321474,PMC8195432,PMC8382200,PMC8929146,PMC9513375",0,5,1,2,13,,,,,,,,,,CTU2,,.......G.....C......,,,,,,,,,,0.32713516587070074,0.2120833333333334,0.09000000000000108,24.51925829353506
TGATGGACGCCTTTATCCTC,AGTGATAGTGGCCGGTACGT,CYP1B1,CYP1B1,"CYP1B1 (4), GCAA (1), Human (1), TBP (1)","CYP1B1 (12), UPL-20 (1)",0.004,0.004,8,14,"PMC10257548, PMC4339390, PMC5244521, PMC5899096, PMC6083493, PMC6723868, PMC6941985","PMC10648586, PMC10940829, PMC11311371, PMC12015283, PMC3945483, PMC4503736, PMC4880456, PMC5434822, PMC5998603, PMC6272870, PMC7813468, PMC7904554, PMC9342710",57.74,61.34,50.0,55.0,186,234,7,13,1248.0,1329.0,1267.0,1348.0,forward,reverse_complement,3,4,4,"PMC10257548,PMC4339390,PMC5899096,PMC6083493,PMC6723868","PMC5244521,PMC6941985",,"PMC10648586,PMC10940829,PMC11311371,PMC12015283,PMC3945483,PMC4503736,PMC4880456,PMC5434822,PMC5998603,PMC6272870,PMC7813468,PMC7904554,PMC9342710",0,5,0,2,13,,,,,,,,,,CTU2,ARFGEF3,.......G.....C......,.....A......T.......,,,,,,,,,0.2868130057757722,0.04999999999999999,0.0,15.840650288788607
TGATGGACGCCTTTATCCTC,GGCCGGTACGTTCTCCAAAT,CYP1B1,CYP1B1,"CYP1B1 (4), GCAA (1), Human (1), TBP (1)","CYP1B1 (3), ACT (1), CYP1B1-human-R (1), Common (1), Cyp1b1 (1)",0.004,0.004,8,8,"PMC10257548, PMC4339390, PMC5244521, PMC5899096, PMC6083493, PMC6723868, PMC6941985","PMC10768089, PMC5737814, PMC7568376, PMC7718955, PMC8847036, PMC9329165, PMC9511698, PMC9650820",57.74,61.05,50.0,55.0,186,75,7,8,1248.0,1320.0,1267.0,1339.0,forward,reverse_complement,3,4,4,"PMC10257548,PMC4339390,PMC5899096,PMC6083493,PMC6723868","PMC5244521,PMC6941985","PMC10768089,PMC5737814,PMC7568376,PMC7718955,PMC8847036,PMC9329165,PMC9511698,PMC9650820",,0,5,8,2,0,,,,,,,,,,CTU2,,.......G.....C......,,,,,,,,,,0.3880679014588881,0.20402777777777786,0.0,25.52422840627774
TGATGGACGCCTTTATCCTC,CCACGACCTGATCCAATTCT,CYP1B1,CYP1B1,"CYP1B1 (4), GCAA (1), Human (1), TBP (1)","CYP1B1 (5), FAM (1), Rev- (1)",0.004,0.004,8,8,"PMC10257548, PMC4339390, PMC5244521, PMC5899096, PMC6083493, PMC6723868, PMC6941985","PMC10257548, PMC10640566, PMC10692357, PMC3835935, PMC4223525, PMC4339390, PMC5381383, PMC8929146",57.74,57.96,50.0,50.0,186,87,7,8,1248.0,1447.0,1267.0,1466.0,forward,reverse_complement,3,4,4,"PMC10257548,PMC4339390,PMC5899096,PMC6083493,PMC6723868","PMC5244521,PMC6941985","PMC10257548,PMC10640566,PMC10692357,PMC3835935,PMC4223525,PMC4339390,PMC5381383,PMC8929146",,2,5,8,2,0,"PMC10257548,PMC4339390",,,,,,,,,CTU2,RNF145,.......G.....C......,....T......A........,,,,,,,,,0.5566651599881358,0.047569444444444456,0.9266666666666671,47.79367466607347
TGATGGACGCCTTTATCCTC,TGATCCAATTCTGCCTGCACT,CYP1B1,CYP1B1,"CYP1B1 (4), GCAA (1), Human (1), TBP (1)","CYP1B1 (3), Cytochrome (1)",0.004,0.001,8,6,"PMC10257548, PMC4339390, PMC5244521, PMC5899096, PMC6083493, PMC6723868, PMC6941985","PMC2592272, PMC3809518, PMC6055626, PMC6062249, PMC8524661, PMC8852774",57.74,60.67,50.0,47.6,186,71,7,6,1248.0,1438.0,1267.0,1458.0,forward,reverse_complement,3,4,4,"PMC10257548,PMC4339390,PMC5899096,PMC6083493,PMC6723868","PMC5244521,PMC6941985","PMC6055626,PMC8524661,PMC8852774","PMC2592272,PMC3809518,PMC6062249",0,5,3,2,3,,,,,,,,,,CTU2,,.......G.....C......,,,,,,,,,,0.33403342432141836,0.20930555555555558,0.023333333333333428,23.447504549404254
TCCTGATGTGCAGACTCGAG,AAGACAGAGGTGTTGGCAGTG,CYP1B1,CYP1B1,"CYP1B1 (3), GAPDH (1), NQO1 (1)","CYP1B1 (6), Cyp1b1 (1), The (1)",0.004,0.001,6,8,"PMC11311371, PMC3128624, PMC3945483, PMC4880456, PMC5434822, PMC5998603","PMC3963982, PMC4292762, PMC4397486, PMC5595834, PMC6017867, PMC8155206, PMC8531384",59.84,61.14,55.0,52.4,138,167,6,7,1420.0,1582.0,1439.0,1602.0,forward,reverse_complement,6,3,3,,"PMC11311371,PMC3128624,PMC3945483,PMC4880456,PMC5434822,PMC5998603",,"PMC3963982,PMC4292762,PMC4397486,PMC5595834,PMC6017867,PMC8155206,PMC8531384",0,0,0,6,7,,,,,,,,,,,,,,,,,,,,,,0.16187899093496858,0.927777777777778,0.5666666666666675,47.26061621341512
TCCTGATGTGCAGACTCGAG,CTCCCCACGACCTGATCCA,CYP1B1,CYP1B1,"CYP1B1 (3), GAPDH (1), NQO1 (1)",CYP1B1 (4),0.004,0.011,6,6,"PMC11311371, PMC3128624, PMC3945483, PMC4880456, PMC5434822, PMC5998603","PMC12015283, PMC4503736, PMC6272870, PMC7813468, PMC7904554, PMC9342710",59.84,61.35,55.0,63.2,138,96,6,6,1420.0,1452.0,1439.0,1470.0,forward,reverse_complement,6,4,3,,"PMC11311371,PMC3128624,PMC3945483,PMC4880456,PMC5434822,PMC5998603","PMC12015283,PMC4503736,PMC6272870,PMC7813468,PMC7904554,PMC9342710",,0,0,6,6,0,,,,,,,,,,,,,,,,,,,,,,0.261918541553808,0.8544444444444446,0.49666666666666737,48.66259374435708
TCCTGATGTGCAGACTCGAG,CCACGACCTGATCCAATTCT,CYP1B1,CYP1B1,"CYP1B1 (3), GAPDH (1), NQO1 (1)","CYP1B1 (5), FAM (1), Rev- (1)",0.004,0.004,6,8,"PMC11311371, PMC3128624, PMC3945483, PMC4880456, PMC5434822, PMC5998603","PMC10257548, PMC10640566, PMC10692357, PMC3835935, PMC4223525, PMC4339390, PMC5381383, PMC8929146",59.84,57.96,55.0,50.0,138,87,6,8,1420.0,1447.0,1439.0,1466.0,forward,reverse_complement,6,4,3,,"PMC11311371,PMC3128624,PMC3945483,PMC4880456,PMC5434822,PMC5998603","PMC10257548,PMC10640566,PMC10692357,PMC3835935,PMC4223525,PMC4339390,PMC5381383,PMC8929146",,0,0,8,6,0,,,,,,,,,,,RNF145,,....T......A........,,,,,,,,,0.28563876222206414,0.2194444444444445,0.3733333333333325,28.331938111103188
TCCTGATGTGCAGACTCGAG,TGGCATGAGGAATAGTGACAGGCA,CYP1B1,CYP1B1,"CYP1B1 (3), GAPDH (1), NQO1 (1)","CYP1B1 (5), Human (1)",0.004,2.58e-05,6,6,"PMC11311371, PMC3128624, PMC3945483, PMC4880456, PMC5434822, PMC5998603","PMC11233136, PMC3995675, PMC4515671, PMC5465082, PMC5495210, PMC5864729",59.84,64.67,55.0,50.0,138,91,6,6,1420.0,1557.0,1439.0,1580.0,forward,reverse_complement,6,4,4,,"PMC11311371,PMC3128624,PMC3945483,PMC4880456,PMC5434822,PMC5998603",,"PMC11233136,PMC3995675,PMC4515671,PMC5465082,PMC5495210,PMC5864729",0,0,0,6,6,,,,,,,,,,,,,,,,,,,,,,0.1565090434727504,0.8244444444444445,0.0,32.55878550697086
TCCTGATGTGCAGACTCGAG,TGATCCAATTCTGCCTGCACT,CYP1B1,CYP1B1,"CYP1B1 (3), GAPDH (1), NQO1 (1)","CYP1B1 (3), Cytochrome (1)",0.004,0.001,6,6,"PMC11311371, PMC3128624, PMC3945483, PMC4880456, PMC5434822, PMC5998603","PMC2592272, PMC3809518, PMC6055626, PMC6062249, PMC8524661, PMC8852774",59.84,60.67,55.0,47.6,138,71,6,6,1420.0,1438.0,1439.0,1458.0,forward,reverse_complement,6,4,6,,"PMC11311371,PMC3128624,PMC3945483,PMC4880456,PMC5434822,PMC5998603","PMC6055626,PMC8524661,PMC8852774","PMC2592272,PMC3809518,PMC6062249",0,0,3,6,3,,,,,,,,,,,,,,,,,,,,,,0.0,0.0,0.0,0.0
TGGATCAGGTCGTGGGGAG,AAGACAGAGGTGTTGGCAGTG,CYP1B1,CYP1B1,CYP1B1 (4),"CYP1B1 (6), Cyp1b1 (1), The (1)",0.011,0.001,6,8,"PMC12015283, PMC4503736, PMC6272870, PMC7813468, PMC7904554, PMC9342710","PMC3963982, PMC4292762, PMC4397486, PMC5595834, PMC6017867, PMC8155206, PMC8531384",61.35,61.14,63.2,52.4,96,167,6,7,1452.0,1582.0,1470.0,1602.0,forward,reverse_complement,4,3,3,,"PMC12015283,PMC4503736,PMC6272870,PMC7813468,PMC7904554,PMC9342710",,"PMC3963982,PMC4292762,PMC4397486,PMC5595834,PMC6017867,PMC8155206,PMC8531384",0,0,0,6,7,,,,,,,,,,,,,,,,,,,,,,0.16187899093496858,0.8,0.9299999999999997,50.69394954674842
TGGATCAGGTCGTGGGGAG,TGGCATGAGGAATAGTGACAGGCA,CYP1B1,CYP1B1,CYP1B1 (4),"CYP1B1 (5), Human (1)",0.011,2.58e-05,6,6,"PMC12015283, PMC4503736, PMC6272870, PMC7813468, PMC7904554, PMC9342710","PMC11233136, PMC3995675, PMC4515671, PMC5465082, PMC5495210, PMC5864729",61.35,64.67,63.2,50.0,96,91,6,6,1452.0,1557.0,1470.0,1580.0,forward,reverse_complement,4,4,3,,"PMC12015283,PMC4503736,PMC6272870,PMC7813468,PMC7904554,PMC9342710",,"PMC11233136,PMC3995675,PMC4515671,PMC5465082,PMC5495210,PMC5864729",0,0,0,6,6,,,,,,,,,,,,,,,,,,,,,,0.1565090434727504,0.6966666666666665,0.0,28.725452173637517
